402
1517
2842
233
688
1333
2088
652
1822
396
1806
978
1290
659
2738
744
1972
1889
2370
2766
238
1851
2885
551
2040
1364
2432
1314
1166
1966
2172
822
1124
483
126
2262
2472
1994
773
2337
1690
2002
2055
1853
2634
1292
2600
2104
300
2098
2343
1715
1501
1340
107
19
1640
2259
1188
936
851
859
1118
2212
1780
1792
2583
147
1500
1159
1082
443
871
680
1370
2633
347
2913
798
377
2344
856
697
1829
711
1741
2744
2267
1824
2121
920
1297
526
2222
1670
319
138
399
1349
2238
1778
1232
1971
454
2313
41
2817
202
1926
894
1852
2547
927
1589
1945
1876
2901
942
2718
2105
2238
712
710
1777
2537
1570
2595
2979
1160
842
1720
2142
1001
347
2151
778
2200
2650
718
2465
2804
2996
1297
1282
2069
359
1497
1630
2773
2261
1893
2864
1779
442
929
2885
549
1664
680
1075
521
2366
2169
786
476
470
860
1596
2149
2694
1756
963
1511
1623
1986
899
692
1713
1941
2564
2319
303
1738
1895
1716
22
2166
2968
1704
2221
585
1541
2501
1978
2260
1966
401
1221
2343
1023
1631
2214
826
2371
1479
703
523
1758
2887
233
2929
46
2175
1741
1764
877
1264
240
68
1030
2587
1179
1610
1396
621
70
2747
1155
2734
679
1768
1158
2542
158
2455
2808
541
2042
1854
2519
2941
281
1415
2382
2676
1926
965
1444
285
2286
324
2216
1290
2427
2158
1145
912
1246
1590
485
44
663
1710
302
1371
899
629
978
682
54
758
2634
1277
962
2267
1559
2375
313
2713
2794
2993
8
1054
1698
1866
1333
763
1653
2143
1619
1429
395
1566
2026
2569
2664
1587
2329
1453
991
1536
1825
709
2851
1610
2201
2391
2672
1491
2967
1803
1620
1062
1738
2558
1238
2638
1179
588
1611
917
1755
2247
2196
2333
1139
611
2100
2414
386
496
1468
1453
767
1931
419
1227
943
1071
2448
2535
144
1352
1208
2164
2034
1948
2760
2793
6
624
1479
1057
1302
2809
2375
2796
2056
1713
2899
1081
1082
1564
260
387
586
2907
313
2390
1133
164
369
2636
1522
2432
1938
1131
90
2083
1019
1363
2947
2532
2828
1532
2755
2530
1451
1786
364
1424
659
2376
73
2187
1573
467
1625
1166
793
1149
1409
815
2353
1165
2011
680
137
1062
1087
798
2300
2613
2585
2157
1781
2666
2381
142
1918
2626
2437
1392
2617
2081
940
1
1437
400
200
423
2468
1390
224
920
1405
2272
2028
952
2281
1930
1025
291
539
2756
1147
1400
1058
303
1325
2178
996
1966
1069
2586
2368
589
1551
2588
1676
1364
1134
2883
1580
2112
1409
99
2173
1934
2726
2270
759
1643
700
2046
1519
360
879
211
1947
2700
2931
1664
406
931
145
2010
73
2243
2890
397
1297
719
2628
2014
1844
29
2537
1525
651
2402
2486
1408
1302
179
655
884
213
1816
2221
1620
1992
2691
957
1731
2165
256
1580
1236
1092
1874
1660
260
2573
2011
2240
1876
1620
2832
1378
1231
2653
2777
1800
1313
2903
2735
2147
2298
725
1770
1458
922
456
2541
2655
2032
2207
2502
1203
1850
2379
229
2987
758
2079
935
2153
93
2806
1306
1371
1644
560
2428
2469
888
1728
1355
2679
84
596
2493
2566
2611
999
216
524
1040
400
2668
2205
234
872
71
2196
247
1113
1361
1233
2976
762
2860
964
2255
2579
1434
449
2776
1314
2711
1932
493
2214
1521
124
1257
2279
2660
2177
1956
248
461
72
1876
1413
558
2345
226
159
222
702
2034
2988
735
880
2815
480
1967
743
784
954
957
1826
209
1383
1325
141
218
2152
511
2590
289
2473
766
2442
2375
176
1948
2430
1186
1763
1063
466
514
2191
2033
1739
795
2304
513
1528
2643
1824
350
96
1593
145
255
1051
1443
1127
1354
2435
2336
1448
2279
1360
1526
231
167
2136
1899
2479
1547
2049
2128
1462
2025
2025
447
1180
1676
2762
1146
2093
2579
547
2538
1090
610
2547
119
1072
1711
794
2646
2547
365
680
1471
793
2397
1077
1539
2007
1453
166
28
516
1555
878
2937
2157
83
2449
234
1239
386
2834
1056
588
2469
410
1184
2220
385
2718
1958
2504
2378
72
2031
1251
2099
2036
916
186
1397
890
1037
2527
2989
369
1817
2510
183
2936
2325
2073
1216
2776
1834
656
1698
58
1144
1725
470
2587
480
39
2953
2211
1786
2765
675
2852
805
560
1958
2815
1549
2632
1974
279
1806
590
1653
1132
584
685
2708
1585
777
960
1323
40
30
568
1280
980
2295
185
605
2570
1417
2649
2270
2815
1001
1728
2846
711
544
1468
576
663
134
1219
1860
1193
2087
43
2599
2017
2350
1976
2021
2177
2807
540
1851
1087
191
559
544
2739
2651
1010
855
2270
991
1220
144
2822
1759
665
2600
723
714
2879
2880
2722
928
2110
2912
2588
2483
1899
2113
2956
928
2391
2503
2744
635
836
400
499
1760
677
2650
22
1208
1951
1295
2999
1715
1519
961
1485
2070
2178
2856
2337
2176
783
1371
2938
2120
2911
2127
2457
223
1902
2376
2700
223
2312
463
1254
2475
879
195
398
1384
2538
1773
958
970
2849
2867
452
304
1457
1664
425
564
1399
1863
2265
1189
369
1272
47
1124
468
2536
2473
340
558
1788
2999
2987
1041
2117
1050
2028
1642
1054
2900
1273
1532
2444
308
1958
583
2873
1959
234
1248
780
1812
1618
2714
705
708
32
841
2840
494
2180
2715
1368
2206
1005
668
2491
1164
1684
2574
330
347
2935
2702
711
799
2972
1866
1011
1150
1265
284
696
2885
2062
1766
2904
5
2449
1076
1634
1530
1025
1418
885
2766
1745
106
338
542
2858
1906
1245
1276
1372
1838
1376
1731
654
1071
707
1875
1546
1639
1032
2212
10
1200
590
2682
1536
2252
2652
1555
938
1965
1409
2734
508
257
91
2396
2299
879
751
1967
1864
2810
1136
2880
1783
861
2262
938
212
1553
443
2771
1092
466
654
1099
1906
2800
1990
775
367
231
232
1442
1840
887
2448
1693
357
2479
2642
2653
434
2478
10
1546
833
2614
41
2533
449
2709
2868
1918
1068
1721
2483
1827
207
117
1158
1655
188
2997
575
293
687
2732
2321
2065
2314
727
647
2658
773
2333
784
2537
2987
701
2544
2918
1362
2271
971
1736
1085
748
1738
1253
286
382
2104
1114
1787
1088
2684
2699
823
287
2074
2358
1994
160
2819
223
1412
1211
565
465
1318
2145
160
1675
336
1255
775
411
2603
380
318
1976
1091
2121
2515
384
722
2069
2394
1054
394
2358
1300
1344
2995
2105
546
2159
922
300
1602
280
49
869
1277
455
2584
2205
1343
2834
81
2926
2105
1483
476
1733
510
2810
872
1425
1940
2897
475
1480
2248
384
2108
379
1929
2866
2778
2211
464
470
1179
782
1910
2632
1262
425
315
1688
1950
1323
2001
1292
1531
142
399
1780
2986
1432
2380
2675
744
2293
1323
2421
1100
1815
434
1816
189
1117
2793
2923
479
2903
45
2763
283
1391
2295
1813
2381
559
946
2478
1830
1328
342
694
2057
2256
1142
335
797
970
1209
2514
2220
464
363
1356
233
2577
437
843
957
1713
2131
1347
1367
2706
2589
1928
2979
2473
684
1031
78
2385
2930
549
2293
1189
2257
908
1566
2977
1110
2864
1368
613
249
2020
2085
440
2568
2978
237
137
1324
378
2672
573
159
1885
2092
1171
2860
1644
1676
2998
445
1859
1009
2438
1290
1314
2253
811
2679
635
1807
437
106
2918
853
2357
447
1928
2484
1586
568
2524
1996
2386
1574
608
1618
712
2769
2970
2197
2917
857
2820
1182
1625
1500
1308
2736
463
1554
1800
864
2182
2823
1055
1796
783
1773
1942
2196
1688
726
1805
928
221
1886
343
2946
1045
4
2072
1700
2573
1092
945
2009
405
2307
1715
2208
219
1732
480
293
229
1999
635
2465
910
2729
809
521
2309
1185
1795
1587
813
993
1332
1658
1144
2343
2401
888
1992
718
1700
2227
2881
2935
995
1139
2613
2805
652
2191
2201
2124
2195
178
1970
1642
1886
673
2465
236
2205
2154
813
836
776
584
1778
1893
493
1848
2245
2140
969
1509
1510
1973
2761
776
1186
1141
72
1446
8
373
650
683
1745
2687
1354
1275
561
2027
2177
204
2152
2308
2347
2338
2827
482
2338
851
2823
32
1618
2298
1079
2424
2536
1314
367
2891
317
932
1304
953
1358
142
345
869
40
2589
528
2973
1915
394
1342
678
1036
2445
302
1816
2402
2673
2719
2663
178
2496
327
1647
291
2185
1673
1859
1812
1745
2949
2261
149
497
789
2983
2324
812
1353
1245
2252
1562
2044
1835
2749
1693
384
2570
2106
2655
2077
2148
658
610
1126
2638
2388
2814
1031
1975
2159
306
2821
1371
1323
2618
2634
2117
655
1500
725
1214
1704
2412
2543
2978
478
1785
450
2143
1734
262
2169
1406
1249
2722
2995
376
19
653
744
665
830
1141
2220
1596
1573
112
727
2945
2105
2284
1230
115
2396
2201
1858
29
2163
1349
1993
2958
744
156
1881
878
1925
2123
1746
321
1980
1324
1106
471
1976
2930
2003
1707
656
932
2368
1011
1189
215
1015
794
1797
263
755
2294
2818
2295
2542
323
1652
2828
866
541
1606
941
501
698
2918
1985
2936
2180
361
749
729
871
592
1611
1062
919
1790
2648
948
2102
1715
864
221
403
276
367
1398
1227
1043
2714
1827
2962
1043
489
2095
1899
1547
1249
2716
2211
1784
2344
1833
237
1300
540
744
1043
779
1163
790
1375
1068
2604
2910
1660
2286
1797
1148
2273
1794
953
427
567
1362
1370
1244
2559
1885
780
560
1778
1887
1255
752
348
892
506
1924
1117
2840
2988
534
686
1080
54
1152
702
2822
1368
2939
459
2680
2206
2145
2833
1781
867
1511
1019
531
2449
103
1607
1631
1814
956
2323
2655
2053
846
1872
1975
494
479
1742
811
1129
2842
2016
1265
1751
291
2538
300
2860
1807
1303
759
2474
1337
1024
1720
2160
1448
1841
1907
1274
1619
2937
55
1732
2462
1671
558
973
1715
810
1265
1623
1383
1879
1947
518
2664
1500
1476
1302
1121
1567
1494
2529
2372
1124
1896
2774
589
279
1561
2164
1127
2656
1659
2456
782
446
1954
2741
74
1098
1207
51
2729
1415
2281
1734
1514
1326
1336
2855
1273
1378
1160
2998
617
711
518
2807
970
2648
1844
2284
2235
2845
1968
2772
337
441
1609
965
2447
190
722
2416
1317
1198
2420
269
2915
1781
889
1458
2782
1551
172
126
2205
2599
1618
1272
764
2924
2190
107
1820
3
2446
727
1859
1197
1297
1970
82
1194
288
1825
1634
2154
1686
1499
1345
1808
2529
448
2615
751
312
1790
160
1629
1256
1305
1513
2176
2667
1547
1380
461
444
1849
425
1235
1837
1128
1591
2908
962
310
1684
2328
2578
1748
2269
2298
2981
1655
1517
2129
2465
1332
2270
2193
342
43
2014
1985
2670
528
2010
798
1528
1701
448
8
1190
968
2005
2071
1385
2223
1340
671
2984
1512
788
161
348
1544
2059
1611
1841
789
33
1614
2828
728
915
2053
750
279
953
1169
2032
315
1681
207
976
758
134
2145
316
1443
815
1341
694
942
2385
1342
863
2599
1499
171
579
2331
375
1704
640
1683
201
538
2333
1561
2701
1497
1375
1043
1062
2148
2386
965
2191
801
2270
44
1589
1895
1211
1897
1406
1623
466
303
2149
2331
1258
409
1755
1569
1606
1432
1226
393
476
1520
2473
1748
691
2368
2345
1227
2014
54
2104
1606
1033
2335
321
2766
2217
479
138
1085
365
164
2804
1343
1517
1497
1822
2115
2567
786
881
538
1619
1872
2663
2789
1394
888
729
1367
2412
960
2747
1994
2725
226
2090
2057
30
964
2164
1552
1148
808
1092
2546
2500
1945
993
1504
2672
895
2536
897
2711
935
404
2500
2241
889
2503
1845
2168
2080
350
2541
260
215
1548
769
1866
842
1019
976
2617
2613
2022
1804
2791
2111
1639
2004
2976
781
2454
1077
1295
188
2416
2085
1863
2182
794
1765
27
405
2069
2577
2150
2433
1145
320
966
2406
2196
2103
1855
1484
2647
2034
1484
2901
2952
2982
2995
24
1932
1231
409
811
407
1491
1867
2398
2841
790
2158
2809
2944
160
2963
1926
1742
573
53
1453
1292
175
1883
981
77
1746
1567
2849
1329
2349
785
985
1568
1317
1131
1585
2153
2143
1199
2921
971
692
1785
1363
31
2900
2933
1409
255
1944
2061
1015
290
1832
1526
2715
1534
1955
1761
1898
169
2740
52
2037
2207
2890
1888
1226
2198
1275
919
2665
473
816
362
1295
901
1063
2220
899
60
2397
2986
2230
978
2084
1764
388
1429
229
1132
2418
1493
648
916
1532
2116
1573
2425
1081
1630
1052
1214
2491
535
1148
2825
2476
2721
505
2117
2019
1583
2940
952
2042
2128
554
493
1009
476
835
904
18
1515
2725
1659
348
600
34
2000
1742
2922
1820
362
1647
2489
2783
512
971
1598
1489
1165
819
252
1046
2296
2105
556
2129
2037
663
1588
2408
1011
1667
912
26
697
166
759
1707
757
2624
2012
1226
634
2814
264
878
1653
48
2652
505
1852
2974
1272
2433
765
2553
469
1485
2200
1250
930
1973
718
1482
2714
1139
263
683
804
288
219
1457
1942
1918
501
2923
183
2355
2931
1809
1409
1922
147
170
1137
317
441
1738
2957
1809
2749
2201
435
593
424
1758
968
1383
589
2354
2682
2334
1759
730
198
1782
99
1314
718
488
2527
823
2939
121
2331
1905
2908
372
2267
883
823
1030
572
2998
1872
883
2232
981
1527
838
2821
2997
1940
394
348
1717
1506
2933
800
707
2216
1236
2543
1613
2310
853
460
93
649
2547
1997
818
990
2351
2218
2748
579
68
1067
2645
908
425
169
2143
431
844
2983
2998
2221
803
2446
225
199
1080
288
2816
1282
1269
2742
1193
1749
1539
2759
1568
2673
614
929
1681
167
2618
681
690
1253
1624
950
1943
92
2857
1395
461
349
576
56
2567
307
2591
1115
2666
1172
1539
2694
1755
1891
2070
794
1079
2717
716
747
2074
2538
2622
2237
2360
1828
2413
2274
894
182
1930
2676
1891
1825
2640
2824
2363
832
1970
1350
237
1771
1516
573
2793
742
2189
2875
957
1714
1023
1619
2193
821
1891
2564
142
1797
2764
1030
765
839
556
2002
40
2689
2387
1125
1192
2655
1453
2438
343
2613
1081
865
946
2134
2196
1283
2566
1090
323
351
492
2088
1187
101
2318
2938
1663
929
918
2200
1482
2824
1608
211
1186
957
962
35
2726
2102
823
1168
830
426
1197
578
1317
420
2139
1469
2189
2421
1468
2947
2536
2240
2810
1246
2356
1189
1033
1692
1254
2240
1340
1505
365
1596
648
1008
1268
2605
675
1795
1867
1579
891
1313
387
2150
2525
2419
128
82
2059
423
1051
379
2152
1544
241
1202
729
1841
2720
238
1936
1286
1069
654
2711
2903
151
727
538
1908
682
1177
1200
2731
1090
345
1948
2112
2090
2912
1804
809
2863
2919
54
1990
2269
2535
1418
1984
2947
1873
513
2408
2295
1020
379
166
413
1344
723
2956
1212
1763
612
2977
1583
863
1034
1201
575
394
808
1618
2324
1873
832
2057
1088
1328
100
2499
1727
1598
2312
739
2360
649
2143
2829
2622
2654
967
2068
338
109
1729
128
825
2598
1413
333
2253
1328
271
622
60
1734
1990
2894
937
2057
1734
1058
1298
1180
2333
962
2097
367
2829
2774
512
2169
2510
1444
543
271
629
2970
2859
662
565
2122
432
1542
1035
2344
353
937
476
612
407
1928
1749
2833
480
804
2780
527
1516
220
2426
2804
1520
2050
2927
2482
1727
1339
71
963
160
1350
2893
1354
2092
35
1903
2755
2766
1365
539
1067
2068
2289
1917
1793
721
2966
464
2647
1280
2806
1088
2283
993
2983
1950
553
4
1337
1771
961
363
64
1477
1448
622
2349
953
2408
1992
2186
612
2741
766
2802
1518
1002
2076
419
1444
1320
2100
2422
1250
1722
1462
1436
1088
49
2968
2977
2926
2154
207
1002
2855
269
2571
1531
2648
63
2143
2587
1562
117
1128
2266
2271
1683
910
393
1400
2474
2933
228
797
1937
1800
1265
774
1537
1043
2312
1668
326
307
1796
2632
1069
2524
1965
271
280
955
628
223
1646
132
2760
2023
1760
2612
120
1600
2548
2331
1258
495
591
2579
774
2109
378
1248
2236
969
2508
2456
1124
2207
2162
788
2893
2200
852
2075
270
1252
1142
536
553
221
1752
2260
991
2641
200
1679
529
296
1164
2277
2099
1286
2737
2296
2855
1885
1622
1106
1190
858
1333
2454
2464
2810
1595
1883
687
127
1946
631
282
526
1371
2730
808
597
2811
2722
2725
1833
615
2184
493
2511
1024
1826
2259
242
758
1838
2478
735
787
131
1711
2775
1733
315
1071
1394
1738
1754
1502
1163
1992
2468
1605
1168
1609
633
2086
284
1992
2560
1290
709
1743
1113
384
1534
1990
2250
792
1961
1075
2645
279
784
1604
339
1054
437
2702
2433
1714
2676
1447
930
313
657
2529
187
2083
1089
2259
1134
1816
866
2988
1638
1846
1076
2874
1690
683
2320
2820
436
867
79
2431
1497
2589
1179
974
1808
2678
2969
2557
1460
2392
551
472
2050
1527
2785
2793
1683
510
1928
2463
846
898
2856
381
2978
1627
594
786
2269
1262
1887
1094
304
2821
1306
2297
1924
1398
2372
2076
196
927
2033
2744
1598
1641
2003
2715
918
488
563
2428
1943
1666
1577
1236
241
2276
1238
2005
465
85
2382
2021
497
176
1632
111
1923
1999
913
65
582
2288
2478
1238
2739
1156
2579
1158
1693
1310
919
125
960
2013
1712
1163
1735
2306
405
2284
2825
1013
2657
460
421
1872
1652
214
304
2404
2405
1146
392
707
1576
1103
2260
2984
1064
886
1221
1499
2281
1398
801
2014
1980
2028
42
2822
1055
11
313
1367
843
1436
2963
2557
931
1251
2201
2523
2328
524
2617
2052
2527
1072
1417
147
597
1934
2698
2442
2484
1900
1928
794
1696
2999
778
209
1818
2391
612
1120
2682
739
1916
1234
1613
2067
307
180
2343
1291
2044
1526
1976
1645
1990
2910
1849
2581
2137
340
2358
199
600
2689
428
1777
949
271
1500
1049
1211
2559
2473
1659
1328
2607
1402
993
1020
230
1601
2705
809
887
2769
2741
2055
212
1122
846
1444
493
1125
1273
1145
2447
2619
2135
1598
2211
2881
2217
423
1183
2645
116
1969
2357
1385
2774
1229
146
2942
2462
2667
1330
2347
1459
1238
377
2925
2394
1930
2033
2583
2510
1550
1857
2892
401
1986
137
1604
2181
1920
740
2576
2827
1135
2271
1181
2964
2868
2030
1544
2186
1349
2226
1924
2955
119
2485
2118
2069
1400
1216
2117
2869
2824
1132
133
938
853
1773
160
2195
1349
2886
722
2296
2706
1854
1588
803
2344
961
1035
2152
359
823
73
2694
1800
499
774
874
2642
366
1936
826
1976
2785
248
458
2325
1970
58
1909
2347
1644
153
137
65
1691
984
2511
2373
748
2856
393
2179
2323
2116
1633
964
2541
1965
64
606
1255
55
2373
1732
1349
2516
1368
1422
140
367
1731
2069
879
70
2172
1314
578
817
1682
686
2683
2305
128
1758
2575
792
1223
2870
2952
28
1054
1043
1642
2385
2232
1833
224
666
469
1332
2593
1968
1016
2082
1935
1425
2707
2873
2889
2461
1451
278
2977
836
1127
2831
51
2037
2129
2959
1018
2069
2997
658
359
891
2724
2770
381
608
205
1234
439
1749
869
2525
1957
2336
609
52
475
2655
265
1678
2345
590
567
891
1684
2233
388
720
1796
831
2789
2072
2340
105
650
2462
1772
2599
685
1401
343
80
2950
2890
897
2658
433
626
1530
639
2404
979
2836
2102
2928
1955
184
2105
1008
1831
2349
2208
473
1540
2804
161
2875
898
335
703
2870
1025
210
548
1821
1079
44
1494
1678
711
2511
1216
1853
2474
2685
2149
1489
2044
261
2972
2187
381
1415
515
2011
135
2259
38
1775
1319
2662
2151
322
277
716
2635
1534
2351
2881
781
336
1361
1742
2391
175
76
35
185
1026
1121
241
2889
1857
697
2702
2396
2741
1154
1229
492
1361
2198
21
1062
578
2596
1513
346
478
2754
2852
463
829
1686
417
2541
133
1729
795
2035
759
1834
1169
1886
2056
633
2118
825
2372
241
656
1632
779
1237
367
1008
2731
1854
2097
2886
2899
536
313
2281
546
690
860
713
123
678
2739
725
2956
1036
182
2511
724
2335
2705
958
1659
2435
718
134
2223
573
943
2091
2732
92
2588
1282
2918
774
1005
2513
2932
894
1347
380
682
1341
1669
1779
1297
2956
2693
2968
554
1724
1794
2346
476
22
2987
2751
1531
1711
2512
1947
2219
631
316
612
630
802
1858
2240
1112
1694
1660
1483
268
1405
1530
1568
2170
1199
603
2619
843
2181
30
1292
447
1893
1946
2156
884
282
2165
642
526
1586
1346
1789
2157
2866
75
1956
1621
18
367
1931
2912
525
2340
1111
704
5
2925
386
450
2188
1061
2175
2824
89
677
890
41
362
1304
812
2697
41
1946
295
712
2655
484
2609
816
2494
1019
2599
2113
661
2986
412
2951
2172
2140
2091
1858
2701
2820
935
2750
1385
1237
1110
432
1864
1308
13
2927
1041
1648
465
251
2392
1137
961
2860
926
1410
2659
2250
2588
1339
741
1041
2155
2619
1585
2734
2160
490
1520
1693
1929
1991
332
247
1075
554
2935
5
2062
776
1382
301
1083
2524
1715
511
1242
612
46
2818
427
411
1500
2986
836
219
1881
709
2274
568
1635
1967
222
644
131
319
2174
729
1360
59
1813
1396
1887
2469
2947
2712
565
2148
2866
2617
898
1800
1494
1603
1610
950
2025
2698
987
1400
2636
931
696
1278
1292
2785
1745
2953
1346
1969
186
1443
1997
2593
164
1870
2130
155
611
360
1
1283
2380
1611
2653
2961
401
342
2688
2025
1651
1409
372
809
1383
998
2206
2323
338
760
982
1044
894
852
1420
2414
2151
1074
1375
1546
1739
177
564
533
551
2104
1499
480
1030
2305
612
1993
170
1563
303
520
2041
2967
1369
2040
1561
1144
909
1347
628
927
1621
42
1700
671
1746
891
2237
855
1335
2791
1042
2866
2134
2113
1872
141
633
1337
2254
2956
1123
951
2798
2420
1708
1885
1340
989
1041
2971
1046
646
1002
499
645
1176
956
1491
1988
154
2835
2840
85
1465
33
288
2612
1480
1270
416
2254
2195
2176
714
1846
1928
1218
971
2391
2111
151
1924
1150
598
1727
1283
984
1209
1137
2920
1888
1137
1136
1564
2452
2557
2456
670
33
328
2795
1767
1332
557
1385
43
313
274
616
1990
405
2625
904
1357
230
2824
958
2185
122
160
1378
420
808
1691
823
2495
1272
917
1501
2763
1452
2384
1309
1860
349
1214
1296
220
890
282
1541
525
733
870
2036
1682
329
1734
1038
1686
44
469
2554
1258
1263
2783
2377
837
2416
2809
2024
2517
2637
582
1449
2090
1363
1085
152
2996
410
2231
1176
797
269
2558
2972
2677
744
1225
1565
1094
617
511
901
1733
232
1717
2611
2579
1162
1639
2484
2962
711
2821
717
1050
2412
2491
1290
1798
2767
2220
2014
1810
1038
2560
768
1579
1590
1212
1436
2854
1951
158
967
2312
400
603
2453
727
728
1254
2965
551
1008
2509
789
2847
2705
36
1230
274
1150
892
674
2974
1313
734
951
2604
1869
824
1317
178
1786
2172
1562
1131
599
16
365
2920
907
386
333
33
906
218
2096
2603
1482
967
1749
1632
1809
1261
2693
265
626
2918
912
2029
1590
551
933
2922
1947
131
2748
703
1282
1853
2111
163
36
422
2843
267
1098
2754
1142
2064
1388
2204
2775
619
2063
1310
1500
1568
2775
1528
1039
639
2818
39
2456
1753
1479
268
443
546
737
203
353
2397
1100
1052
996
549
794
2079
470
1431
1161
2499
2260
1087
2990
1436
1103
2775
1471
268
336
631
2267
1368
2780
841
2445
2224
2270
2658
2375
1153
2161
1299
517
2325
1004
328
2888
569
221
2543
1914
391
371
1710
2633
83
580
953
1946
1340
116
2987
1859
3
305
222
1504
1367
2360
2773
2744
2440
1549
311
1898
796
2306
1551
599
2916
1856
1800
973
2833
234
157
576
965
52
323
725
1810
1590
633
2473
2567
271
1741
328
1125
1454
2667
952
696
1216
2827
1715
709
596
2177
42
2519
2590
187
1929
2724
1514
2460
1486
823
2537
1460
2535
710
1134
2713
604
2329
2367
2913
54
861
940
340
1170
1946
290
991
449
1721
1361
2208
1227
1416
661
1492
2854
1774
782
1218
1243
879
2486
87
960
2870
133
2099
1475
2113
559
83
2100
291
726
934
1661
2561
1850
1220
2040
1208
2359
2676
287
2808
654
2903
2000
1513
303
2915
2920
1781
1378
1659
2123
2087
531
1218
856
2437
771
1756
2386
1315
1714
100
2407
1260
1650
2189
16
1571
1392
2148
2793
1591
2989
667
2708
897
2855
1548
2563
869
1584
2393
166
654
846
1071
2247
74
2207
2247
457
186
2275
2034
1624
1709
1733
493
1270
1057
54
832
518
1550
1010
2768
305
499
2465
2728
1272
2753
1203
2044
827
1621
2133
2821
2374
902
380
1554
269
734
909
1661
2638
1429
801
2466
2262
1635
191
137
1001
925
2164
2244
2036
2673
1106
2228
76
1353
1818
604
519
2136
1398
2938
1413
957
1262
336
1252
965
1174
1991
2269
1914
287
2432
2057
30
2374
1475
2705
842
2002
2141
1574
744
64
1745
1829
1717
1599
1530
769
903
1224
2181
2609
133
2816
1308
1250
358
2234
2383
2123
2758
1452
1747
1656
2420
792
86
649
2104
2369
1233
2865
907
2132
295
2152
672
1466
1105
397
2411
2803
2310
75
1695
1559
1876
2269
2764
2312
2762
2456
368
285
835
1123
2463
11
248
1188
795
1780
66
1073
2140
2433
53
875
145
2380
2311
266
2630
1723
1974
2302
148
2530
518
1510
2218
2548
1822
377
495
220
1973
65
2087
2302
249
2438
1501
2354
2137
1559
70
2339
1497
2710
373
22
145
255
2886
932
1743
3
1114
2984
2961
1288
2281
1157
2463
548
2243
757
1982
2317
1972
1757
1994
1497
225
1608
2186
1805
2810
783
2579
2005
1070
1860
1573
2272
2472
54
1296
1136
1736
2944
2623
2420
958
2332
1990
2220
2964
271
251
1464
1611
2881
406
1245
2279
1874
31
705
1877
1783
334
545
1067
1697
507
1295
1332
1834
1226
648
332
272
455
2382
1504
324
1752
546
337
1504
539
688
696
2343
845
2873
641
1611
2342
2241
1442
1567
2324
88
1257
2212
269
1363
2808
57
129
1549
2330
1853
902
762
1473
2412
2707
1371
1355
1060
2144
2833
2197
1134
2806
2887
2576
2149
315
2342
403
1555
2982
2977
570
2052
1664
2836
1209
757
2775
976
1599
1724
11
2894
1409
249
1837
539
2225
238
555
1816
1477
2450
503
2969
2501
624
2007
163
390
99
1094
881
200
171
489
79
2773
140
1271
1928
1499
763
1
118
2961
1660
155
2020
995
1427
2819
988
2655
2197
933
2986
2406
2280
2322
1255
439
903
2379
2214
2301
2317
14
393
1255
693
2597
2554
2232
509
1833
147
1123
2322
1993
537
2253
2300
1636
1508
2826
1705
1551
463
2294
1019
323
2814
2263
1248
2887
2035
9
2649
701
1625
1746
838
2202
2509
1501
349
833
1347
1576
1166
2006
2499
1032
1617
84
930
410
81
1579
2392
716
1857
339
2973
375
2116
2367
1293
2417
2374
2916
169
238
1685
993
2954
233
1934
2029
493
2038
2025
1705
2980
1668
1475
2740
1489
1944
1140
2374
2676
2327
2477
1520
130
1307
1399
198
485
691
2093
2333
246
218
1470
852
873
2319
1013
1329
1738
515
2937
1061
1349
79
1368
283
113
2623
720
699
2489
2099
1342
1691
1718
2183
627
1595
1042
1486
1271
2490
2375
1978
2467
525
1578
1810
2626
519
54
1546
814
2577
1700
543
2292
654
2806
207
753
977
2488
284
2573
2621
2945
1021
2395
2343
2286
1458
592
147
2891
1606
57
1015
778
2806
2845
2321
87
1830
2026
1818
2011
204
1790
2598
2390
740
2293
1001
1635
2832
810
920
644
1384
2255
427
431
2732
2246
2619
1030
1232
917
1560
931
1853
2997
2219
535
541
2513
2999
1379
2464
1367
883
294
1797
1085
932
591
1603
854
1519
787
501
41
1225
1170
2876
2523
898
2835
566
2292
1361
118
2477
2965
1221
2349
1650
903
654
1299
1150
1456
1097
2894
2384
2294
2541
494
1571
698
180
767
2989
2080
868
1822
173
2133
299
92
1849
2501
154
1878
2548
2008
1410
2111
163
2631
1260
24
1739
1825
1410
2497
948
2527
1148
2258
1567
1418
2999
104
2227
2658
1980
1245
327
1119
456
2980
2106
184
703
1769
1913
372
2279
2023
397
2698
678
845
783
2726
1848
1748
2039
691
220
915
2270
2319
2918
2995
669
2814
1631
250
2149
473
403
277
1977
736
1009
382
2664
1833
743
894
664
2048
2504
176
670
718
2155
456
2368
2850
1600
1137
26
680
2416
208
933
1531
2418
869
714
2264
377
476
1711
2814
2241
2231
947
727
1443
655
1836
2878
1762
2859
1235
138
625
260
1510
49
1712
1978
970
1917
1735
2646
1920
556
2153
1433
1165
693
2438
549
1134
556
1131
1534
1108
2781
1437
1343
751
219
2258
2500
1412
1589
789
945
394
1901
1080
767
382
538
1940
2348
527
1354
1870
633
1824
190
263
2405
1377
1415
2781
501
1757
2669
934
2856
2802
85
519
2689
1836
394
2096
248
336
912
1950
2126
1532
631
1750
1767
1793
834
349
1870
499
2143
129
2486
2611
2954
2783
2609
1396
351
887
2292
2774
2976
812
1137
2448
315
1091
112
1729
2654
1688
1232
1808
984
771
1432
1136
1251
2377
1292
712
2234
110
1021
2095
811
1549
1468
2931
2275
1431
2325
1970
1579
15
2929
485
1542
477
1919
2597
2576
901
906
1842
449
1680
1300
2175
864
649
1424
1485
2028
2829
1391
567
2272
1991
1493
441
1321
2311
1827
2727
124
699
2989
1976
692
2358
2325
708
1526
1126
1506
1334
1258
2910
815
1854
2950
633
2837
326
440
2211
271
1625
436
589
2467
2705
1808
542
286
1205
815
611
2392
625
2982
87
2776
1261
1941
1214
2755
990
1879
884
1749
1702
861
908
631
2799
1699
1274
754
1641
2198
1546
2538
1841
110
1230
234
1474
1380
2004
655
1605
569
1677
2021
1682
89
2974
2367
2851
1548
1707
2883
2071
886
2747
2751
1298
2933
380
1738
2189
2073
1416
1144
2339
1055
1252
217
752
2206
1207
192
2508
581
1043
1773
1364
1527
2021
1935
911
1563
572
1162
1041
350
2852
1279
829
1732
1980
50
135
721
156
2239
2617
2601
2442
408
2901
1621
429
1342
24
451
1633
2436
2265
1693
212
2733
559
1016
2872
764
2059
2851
637
2855
2371
298
1579
2675
206
2675
2896
948
2196
17
2557
2020
1212
2735
1954
1146
2776
1670
2564
1266
2189
1992
109
209
2094
2038
1540
1497
2715
2956
700
2470
35
2569
1552
42
1646
1845
1033
1937
1835
1944
1131
1641
111
2194
2856
502
11
2607
1551
567
2640
2243
89
2617
2502
717
2792
2730
1149
2861
2493
1495
811
2715
2233
1195
777
1675
2697
1102
2337
809
1313
2010
41
1737
1192
2783
1954
1575
2485
1835
2570
2165
2580
2664
658
2827
746
2723
2287
684
20
811
880
2153
2481
2843
1249
1296
2142
2624
239
1823
2412
1479
2592
2341
73
2995
2604
681
2354
2912
1662
1179
2089
1500
71
489
2188
502
2755
178
2767
2988
2634
1268
858
2410
817
2601
838
1552
327
128
1782
1853
28
898
2635
1508
2680
2902
860
626
358
1388
1757
391
2770
2073
2070
898
2966
907
2166
414
63
552
2072
1574
1918
1894
110
518
2029
2915
1325
297
1959
255
2118
281
1775
448
2000
2570
63
205
259
104
418
1401
1276
147
2247
508
2806
185
1943
1987
1271
100
816
603
2457
1471
1682
1679
1028
2728
1662
2578
2017
2646
2289
414
2472
2569
1459
1328
384
2387
609
1965
960
614
2196
1294
2120
1277
2308
960
869
989
2275
212
1542
269
2724
388
2815
997
2839
1050
2067
1884
917
1558
2074
2001
1837
1019
1132
453
2378
375
833
1227
1346
1000
1956
2112
1963
712
496
253
1443
415
222
933
1564
296
9
997
1746
2535
702
868
1255
2099
796
79
2202
1718
2798
1198
207
874
1234
1076
2112
431
2566
530
418
1309
1273
2574
2616
2930
818
1479
1806
2045
326
1448
785
66
1377
2182
458
4
174
1704
598
1009
2725
2564
2892
91
611
2977
147
1462
2459
1477
938
1667
1272
2332
2358
198
2957
2867
1435
2354
1325
2739
2365
108
1543
2143
866
1292
2859
343
2262
296
1983
1879
2271
353
1995
235
1689
825
1705
641
1320
53
150
953
2092
675
2722
831
2009
1582
2354
1335
1038
1160
2069
1630
2410
2522
2908
1925
2355
955
20
2790
2822
128
2375
2950
1987
1266
94
1099
1877
1826
1361
2960
497
1294
632
864
1866
1304
2551
2270
1805
2412
2466
2298
2135
615
1785
2054
1995
2321
2112
618
849
29
1691
231
1897
2216
2647
1057
1498
1248
732
1768
1866
1469
2980
2779
218
1338
2949
399
2777
1343
643
790
971
1287
1866
1900
1507
1096
18
744
1208
2592
2719
1375
537
2545
2647
655
405
1467
2910
417
473
2573
2885
1174
1036
903
2710
1721
1456
683
2412
70
228
383
922
2260
394
138
520
1626
237
2861
2744
1364
2589
143
2378
1700
1990
1360
661
1923
2651
1509
1176
1566
2410
2023
2929
1144
2581
1114
1820
1011
1685
1062
493
2653
2536
631
1605
1562
1590
1125
817
1603
2369
1111
325
798
336
1301
380
1718
190
1062
2862
68
2900
47
1448
120
2373
218
1737
1256
2413
2371
1541
1665
634
446
2144
1543
2661
2062
250
276
2921
2318
277
933
1250
429
1401
1566
263
1308
460
943
2589
1561
1679
1817
1845
1359
2398
1054
2904
2061
1731
2018
543
1841
935
2504
668
1026
1500
2523
77
2287
1300
809
1513
2379
2568
400
2714
2273
385
1839
1689
2743
2706
1518
275
2224
2845
1193
1507
2631
34
2486
1042
866
1256
456
2099
2492
1461
1218
507
2539
252
1198
1855
230
1735
293
816
2308
530
1638
2821
2497
555
1614
2109
2570
950
842
1901
1884
388
181
1201
2123
2503
1251
2103
885
570
1606
2818
2237
1087
538
714
785
557
2511
2163
2825
26
965
1562
2714
2876
2428
2432
2430
292
1072
2579
191
2721
2950
1433
1890
2153
827
114
1308
2593
637
494
2021
466
1578
1355
2498
1173
1233
2134
302
2462
1056
2112
2836
1565
802
1037
886
528
1119
598
2162
2674
2920
2997
5
935
366
2489
849
2241
771
1118
1907
2969
2878
2428
2839
349
2732
1725
2406
728
612
623
998
901
2682
209
757
694
1475
520
1219
1554
1458
1400
2627
2300
931
1618
2789
210
171
170
2454
2737
2946
2733
1497
2566
2393
926
2395
852
1836
2625
898
780
819
206
560
1366
676
1214
2823
1743
1361
1562
466
1116
841
571
2280
684
705
1819
48
2080
2833
1833
109
2430
1828
2240
2771
1192
2268
2764
1581
2848
526
929
2266
172
879
296
2091
2093
194
810
206
1147
757
351
1520
1330
886
901
2174
352
1838
937
1022
1917
685
1556
2946
1190
899
2057
26
1222
2221
538
2244
2654
1396
1623
2128
2950
120
1594
1617
1929
671
2811
756
2586
1007
513
1963
1830
2891
161
791
987
553
1588
1836
1575
756
433
1070
574
2
474
2134
1836
677
1689
927
2876
2256
307
532
1644
1519
1688
876
727
155
2959
1753
2324
2291
1811
2557
723
1777
419
2032
584
2263
1690
1718
1094
385
1243
2905
1883
1835
59
253
2622
1635
908
2042
675
2281
2634
2720
534
166
1694
2024
1254
2530
1814
48
484
2673
869
1293
2471
299
2274
162
85
2979
2887
128
2483
350
236
801
39
879
1421
2821
1909
374
1814
345
2165
847
163
1487
1063
2028
75
1990
1253
354
2597
2682
2799
2480
1707
2333
915
558
2688
1086
803
2756
738
182
945
2949
2438
957
1814
114
54
497
2111
52
216
552
2720
2918
5
113
1764
1317
802
1708
199
2496
1297
2121
1206
215
1419
1844
427
2869
2680
1518
1004
2261
1553
2884
1610
2623
1770
2578
1230
1808
2612
2573
658
2907
1113
672
396
2380
2744
1383
2627
703
1294
1139
2068
1045
1927
650
1730
1668
1620
1460
2471
2740
2484
400
1927
2593
2281
896
742
2414
2867
2906
2249
2388
2977
1664
2284
2937
978
1839
666
975
690
169
1811
1950
2027
1292
1744
1124
2655
490
2337
373
975
2035
1072
1637
2061
1368
1994
1802
1675
2381
1922
1419
829
801
790
2312
441
1940
108
1112
2317
2172
1993
1902
2277
1300
2278
2125
2813
2167
885
811
861
2167
820
910
891
1429
1197
1899
253
1857
1560
996
1116
1162
1628
578
2311
642
323
2286
2215
2617
563
2559
26
372
201
1822
1331
787
2694
2247
2433
2654
1417
1774
1562
80
2132
926
1846
2589
2537
1332
2758
2519
2040
1940
1366
1537
971
70
463
2702
2865
2954
2155
1539
900
2811
764
1256
2600
2243
1809
1822
936
966
2941
2510
1996
2413
1427
1368
2202
1224
989
2651
161
2554
2573
1847
2068
3
2947
2481
1996
2403
559
1459
930
869
1543
805
1317
1989
1021
123
2145
477
400
1927
2314
1282
1300
2699
1271
323
1720
2247
2449
1715
394
1799
1159
1722
1939
1082
891
1773
1405
1227
2397
2786
2127
1951
246
292
1304
1895
2191
2061
543
1619
820
2317
2304
2284
1081
1222
1928
2756
283
2632
2246
2562
2946
180
2448
1963
2673
2174
2924
2659
901
618
563
2070
1891
2643
1533
1055
70
2612
2431
2227
1110
1796
2945
891
2409
1373
1227
1519
1925
2278
1031
1760
1495
2916
1193
36
1961
2818
902
1828
2469
2946
531
895
45
1980
781
1386
2149
1914
2298
344
1399
2157
2627
1195
2595
2691
329
62
250
1391
907
2281
2938
2714
208
1838
2840
1550
2763
1372
1140
2475
768
363
133
630
2608
2477
2069
728
1356
118
310
1133
2744
2654
711
1943
2498
299
108
2780
2993
1863
2108
704
2684
2436
1432
2624
1323
2311
2142
1315
1788
1286
781
2686
2977
2279
1917
615
2387
2229
2987
1160
2357
2423
1584
2676
1986
770
1431
2773
369
1335
639
447
355
326
2695
2445
2347
1836
2684
984
753
887
478
2704
2806
1157
1176
1433
33
1826
2990
1400
2740
1692
283
2682
1405
97
2250
293
2283
71
2224
643
1925
544
1756
2557
1784
1194
1307
1649
408
678
2523
2974
2724
565
1149
1141
1474
1706
2709
975
1752
1634
5
1361
2508
975
942
322
1047
2419
2542
1524
264
1981
2167
476
2735
2691
2518
2774
1048
851
1610
1307
493
1099
1513
123
1069
2456
142
955
2203
1616
1408
2007
1068
2693
850
2897
1861
1110
665
1214
530
2774
1230
2596
1945
1455
2573
2021
2691
1554
2689
1363
2402
2631
1551
2100
2979
2673
2941
2041
2943
1489
34
2625
1824
1968
598
2193
2179
527
2141
1657
346
245
2652
622
262
2873
1139
1923
68
2925
1807
2177
1428
2683
1382
389
2461
1889
2613
902
95
1831
1837
2560
2251
1052
2860
2942
651
664
238
510
2334
2415
1538
937
2292
129
2829
1452
2832
1617
1066
2345
2929
699
2326
2037
301
2220
2792
2081
1746
686
2626
2650
1173
872
219
997
2585
2881
1536
2808
2038
2640
85
2555
2757
2697
1335
1667
2336
1360
1272
1673
669
1052
391
1811
2459
1784
489
2134
1225
991
2339
1875
1002
2971
459
652
2331
286
1315
1142
2758
1043
1532
501
1350
88
883
260
572
875
662
936
889
1065
21
2160
33
2677
1948
2550
350
2471
2297
2330
2246
2654
1042
2665
1258
532
2095
110
1450
1539
1588
465
2790
1251
1358
2239
2020
1738
2080
2471
2120
2244
2931
2161
1871
1334
2032
839
1681
1208
290
1940
2803
334
1065
353
168
1642
2855
310
2829
1845
2340
857
1012
2925
2387
2758
2629
2308
2515
2551
248
2986
114
836
1553
2236
2636
136
2664
1311
1933
358
236
265
2177
510
1742
2402
1256
2322
1139
2198
2337
380
967
2646
2041
774
726
324
1696
2359
1372
1249
1357
1261
438
2555
257
2827
2772
2077
2939
479
2504
701
186
2308
1399
1056
2216
2558
538
2300
2890
2515
2300
719
1831
407
927
2637
532
2712
1722
1232
1244
113
2597
849
1656
353
1003
2814
6
1410
968
986
2894
2724
1035
1554
768
253
2306
797
2533
1850
2759
446
934
45
1765
816
2566
629
2421
1533
1146
1017
553
19
2531
1142
2769
2973
1938
2567
1097
2896
359
1577
465
1074
313
514
2674
201
1330
2346
2390
403
961
1648
1428
1813
714
788
149
1810
1863
2267
411
1801
1519
1851
1729
327
2557
2523
1141
2723
2367
629
485
464
137
272
1208
2225
1740
1836
2367
1164
950
638
2719
1594
1608
1958
2222
514
2613
928
740
2979
1399
2254
2405
1990
177
1059
2641
239
2762
2817
1462
1741
1861
1117
2712
1980
1482
140
2291
2862
2183
2069
841
228
2400
2384
2916
196
1868
969
1992
1558
1452
925
1944
1125
1353
2937
1192
2989
2231
2431
1751
893
2580
2785
2299
1380
1409
1956
1888
1703
183
1547
239
189
101
1989
813
2207
2578
415
2158
2516
2061
421
1883
64
2141
1070
107
1507
1168
2154
1243
355
1926
1238
67
1837
1249
165
1055
1865
2467
2326
794
1456
1910
191
1012
2130
1622
993
131
2762
1279
2478
1663
2611
807
1150
175
905
975
1044
2677
2920
319
975
948
410
416
2954
696
2893
618
1196
1584
2362
1725
1141
847
760
2517
204
1880
2844
2579
2779
1832
6
1360
88
332
2592
1601
2164
1788
1795
2584
845
1179
2409
669
2587
794
586
1963
1294
1169
560
2805
1020
1123
1849
1291
944
463
458
28
1150
207
2407
596
1070
1800
1629
2700
2314
1450
459
915
2027
1119
284
1371
2569
2791
581
225
1188
1364
2398
760
1424
2843
1709
74
879
882
528
37
1833
245
2262
1230
18
2953
444
2064
1249
707
1578
2954
2622
2200
1434
1046
1602
2019
402
1659
1819
550
1468
899
2279
1669
1846
1229
2282
2879
2901
112
1115
1476
1294
1091
998
1486
484
2442
1694
2774
2517
508
2471
612
2385
2976
319
448
2774
1966
341
2796
509
2279
1049
1828
2895
232
120
1056
647
2875
1770
2703
100
1308
357
793
413
2753
2567
1086
801
2060
1144
1476
1724
577
137
2344
2354
1713
47
542
1635
1899
252
1441
2845
2717
791
1548
2058
432
299
384
277
1569
995
2081
696
450
1569
153
1449
2120
581
2273
2861
1055
1036
1921
1326
1069
2600
49
2264
1967
2165
482
29
1479
608
2418
1866
1628
1819
400
2726
1084
1437
1641
2955
543
2824
696
2131
2293
262
1278
28
2047
517
46
956
2951
56
2155
1399
2595
1859
2304
2281
2038
2493
612
2924
2546
322
2862
561
2753
827
1169
1757
2148
2260
2141
2616
98
2350
2301
901
2062
1939
2222
49
832
551
2525
1353
1629
2051
1362
2615
2506
1563
2158
2885
913
1725
1725
300
1205
120
2892
701
2688
2395
2839
279
177
1114
2632
1435
2716
849
467
1974
1765
70
2283
1608
1198
2454
1031
2262
1817
173
683
2703
987
329
1844
981
1175
2037
2248
981
2006
2330
1465
1311
2548
221
1479
2766
1497
735
2979
56
2311
1486
2106
2572
863
1622
2886
2588
1359
1414
279
1130
551
494
2530
2040
1401
1826
896
2572
2632
1093
2847
1703
3
62
2726
859
245
1742
1867
890
1175
2891
2331
433
1212
1489
1766
2278
1937
1655
385
2681
619
1081
669
2427
204
1717
227
467
1336
190
2051
913
1340
1260
1544
2765
2540
2343
65
245
2252
1011
1521
365
573
481
2466
1181
1622
650
294
2113
2643
835
481
3000
568
924
2295
702
244
1585
2622
905
1154
1584
2148
1413
199
894
2252
238
1853
600
770
1967
2440
413
1788
2853
480
1449
495
1953
2934
2656
2484
2624
1400
2492
2840
1974
421
1660
2299
614
1204
1656
273
2228
791
2056
1828
1427
2078
2235
1471
1204
2424
938
2623
1313
1710
167
1948
1545
1952
429
589
1877
1011
733
216
2673
283
1336
834
1543
913
2283
3
1204
772
271
1610
973
493
2809
946
165
2834
1677
745
1090
981
2547
1164
2530
2013
842
1378
1958
1674
558
862
1160
2669
1808
851
373
2151
749
509
192
189
486
1585
2001
2591
97
1290
1694
2716
2921
2767
1684
1002
6
753
2615
1957
2135
2318
2305
2963
1868
2964
2855
1230
1091
2291
2696
785
1775
644
1363
2589
420
2065
412
1334
2358
581
679
2790
2337
888
49
2289
2638
2245
722
2130
2370
2102
2405
1190
824
2742
827
1783
2393
2407
637
351
2462
2707
531
675
1754
1320
2734
1023
978
476
2235
2410
1381
375
362
2483
2367
1044
370
1918
2788
2132
2084
1469
497
1250
657
1829
2086
2954
160
1425
1473
2267
1965
901
1192
2649
2705
1834
2639
1759
2380
941
1799
2740
2075
2151
1013
1762
2210
3
595
966
2412
2215
58
360
34
1391
2647
1135
1590
2564
1177
2085
1355
1738
2863
270
2586
799
1260
175
58
2517
79
1464
127
717
1169
943
297
752
2358
2135
2474
707
1799
2538
1679
837
228
1500
404
889
1580
2398
2599
2919
2411
2401
2703
1047
2880
623
2277
2108
2336
908
2746
1103
1513
2720
788
577
1906
1953
862
2618
2436
2354
225
1124
2817
2064
519
1381
2818
2777
481
2778
529
238
2803
708
563
634
302
162
1392
699
2483
1634
1498
2790
1558
2685
25
69
848
1435
2560
1005
1285
36
2650
806
1445
276
2836
1017
1776
2041
201
388
131
652
2246
1436
271
1726
2463
1154
2215
1431
971
1158
1051
2574
1264
109
847
1551
2600
1337
5
722
1664
528
2633
1383
1385
1360
2617
813
20
1149
473
1078
1580
2244
671
2780
302
702
1638
1405
2468
2107
59
215
487
1081
1216
278
1892
2446
1811
497
786
2975
2849
151
2933
2266
1054
626
211
2809
751
334
2297
138
931
2792
2289
402
1195
1846
2041
404
1576
9
1558
276
1475
1864
627
204
250
632
1135
2226
1080
2477
1219
2
2683
2252
826
2668
1606
2524
1239
2
2614
1799
157
2238
2470
1170
2101
2790
122
803
2388
754
1331
560
596
1328
2979
1423
501
1832
709
1904
426
1894
1877
631
2023
387
2300
1184
54
487
2825
1634
448
233
1524
1703
1286
406
2976
525
531
2214
1532
317
1723
1332
2975
2220
1937
1848
2537
1672
569
1134
373
1609
2776
2615
2007
1586
255
2424
50
1152
2560
1007
1841
123
2985
2570
2933
1100
1183
1791
1487
1299
1783
669
906
2984
647
718
1600
491
2423
2656
1887
170
2579
2189
2315
29
1221
202
1127
810
2352
1941
1664
1947
1052
186
1960
2255
88
1836
2373
941
1945
896
518
2350
486
262
571
1012
1446
1361
2574
2084
1388
1236
973
2976
71
256
2332
2989
330
55
127
14
1360
2771
1624
581
1732
310
1211
111
1196
2292
2232
1014
244
2897
666
1062
2420
1686
1598
1014
132
625
115
2902
191
2539
1122
426
717
456
691
2734
2431
2232
824
2801
2826
1945
282
654
700
2451
1576
1750
154
998
2373
1670
1695
2433
1562
1401
1829
2993
2991
151
2668
1548
2776
2572
1436
1551
648
1491
981
1270
799
357
830
441
772
1342
1770
1483
143
968
2525
787
649
2500
2276
855
803
1400
2703
2771
750
88
400
1566
2673
606
99
1596
2575
2832
706
711
1384
664
561
2315
2278
547
20
684
1170
1295
488
1060
582
1683
1130
1269
41
340
65
2391
185
1773
1275
2405
1783
2024
1401
1946
2873
2379
1832
1094
1305
673
473
955
2262
210
916
1111
1443
380
640
397
2429
2836
1348
764
317
2743
1999
2564
1456
1077
1157
2859
11
2907
2327
2615
1545
1862
2891
1600
398
191
1977
1523
2065
153
2124
838
1381
1044
1672
1197
1245
589
1445
1409
900
819
1734
619
414
2206
2627
441
2371
2638
1552
2049
2239
621
823
564
1232
2141
395
21
2640
1484
2287
2117
692
1884
311
944
380
1945
2198
475
1394
2448
1160
2676
1764
1006
1551
646
1045
451
2198
2292
2066
2670
95
1255
109
1038
1831
2376
2269
1415
712
117
352
1919
1510
573
1511
1055
1738
1127
885
1822
744
1556
2878
540
2459
232
1379
1509
824
2816
1017
1359
653
645
390
30
1603
1765
2193
2841
2998
1442
967
1203
2267
2135
134
1487
1686
2786
1605
805
1729
328
2337
2693
1901
1941
239
242
229
2685
2733
2132
213
1077
1177
794
2134
1172
2788
961
2101
1387
2181
71
2814
1569
2001
1195
560
462
1283
2478
1463
1826
1791
2084
2328
1180
958
1657
755
2820
1695
518
1318
2707
2668
1510
749
1990
553
1348
1365
193
273
2592
2164
2465
2103
189
1882
1895
34
2583
196
493
2669
2128
560
1525
201
833
2249
265
2505
2530
2016
277
1348
2307
2242
130
1102
1351
1694
2203
1795
346
2377
2027
397
2586
455
1735
524
2874
240
2349
2605
353
2247
1505
1764
1802
265
1032
292
907
2784
2298
1152
1003
2192
98
41
2782
1490
1116
2261
2558
2612
2647
1026
1027
1587
1372
1916
557
302
1758
976
1557
998
2838
2821
2476
2635
1780
926
2477
2923
1990
2519
507
2303
1603
1399
2649
2091
2447
133
805
914
2436
2756
2391
2443
358
367
1256
958
1510
276
2148
1301
845
2192
1434
1577
1287
409
1705
26
247
1074
780
552
2910
2044
315
2808
1835
1242
1147
1717
262
735
2543
1385
1411
646
2683
2538
1097
239
2742
1842
1731
681
372
1964
624
132
1164
1522
1139
898
1305
81
667
244
1055
911
1180
645
1368
1418
2608
1494
2818
1751
2208
1511
209
452
41
517
911
369
2969
1602
1530
220
2318
2313
1502
1806
863
2395
972
792
2315
381
651
2797
45
150
2101
2514
649
2408
2120
2592
1408
1560
2135
1935
579
2132
1222
1360
597
1891
2197
2153
1643
2182
1093
2380
2188
2143
2844
1130
732
1110
539
2844
2171
2443
2698
2683
1681
342
1203
409
712
1702
2321
1811
2371
2366
1572
1964
220
2887
2130
917
1777
508
1112
1237
2110
811
2612
2333
1924
42
580
2234
1494
111
623
844
2015
369
215
2410
1655
2335
1907
2086
2378
1680
2025
580
808
642
2339
568
722
1799
680
2081
2833
1328
2702
1681
745
1274
1764
1390
1995
447
2288
773
1970
1174
1400
109
1050
2066
513
2967
2419
1869
2178
2081
483
2986
2792
1312
1388
1686
2904
502
2158
1783
1552
2622
2056
1242
467
1996
1342
1145
2812
1910
236
2416
799
1008
777
1499
1558
578
2511
2663
1033
2248
1468
73
1119
1973
2463
2136
1821
721
1702
1185
739
581
1979
2846
1340
1401
2527
1601
2729
1832
2216
996
1514
983
1472
835
1203
2327
1214
2316
538
855
515
2664
214
466
1951
2988
445
2699
2671
1670
696
2298
1542
2662
2511
1899
501
1161
2068
139
2318
2356
916
1684
713
52
680
1832
2827
570
2223
1351
217
1502
2760
161
339
258
2198
1504
1348
2971
1595
1606
2716
202
1299
2509
1202
2665
50
550
140
1212
2958
2327
876
2930
678
2899
2908
1372
2984
2362
217
396
2767
2678
671
1932
662
465
506
552
995
2593
447
652
816
1420
400
511
2751
372
1805
218
2163
2801
1572
31
1355
2845
367
2609
2128
1583
2271
358
1014
1657
2454
2513
512
2272
2318
2768
375
568
949
2391
385
1322
2689
2698
2995
2627
1541
2533
2007
1362
58
2783
1639
486
175
329
855
582
113
505
900
1108
430
2173
868
91
2981
1369
1152
2791
1740
401
2719
2107
1435
2514
1947
892
2700
626
2020
2940
2043
2131
1489
2373
2275
365
2203
652
1912
2388
1151
1285
1363
911
202
485
2918
588
305
537
2127
555
1836
2436
2741
1659
2181
1139
1812
2654
994
1554
1010
2269
379
440
546
1223
1654
970
2206
272
2214
2813
2056
557
735
2366
2968
767
2202
576
1320
2560
372
1807
2026
1748
1754
484
636
2552
606
963
2381
2856
2550
1567
1187
1506
1717
1202
1209
506
1483
268
1292
2440
606
1813
1272
2875
2290
1945
377
2063
2372
1965
2606
1855
2427
2792
1843
1609
1075
343
2519
1233
2486
1581
1819
470
1422
1043
1134
2736
1580
1390
70
2574
2690
624
2866
344
725
2957
1801
1929
1459
2372
338
438
2921
1649
1907
257
748
529
465
1869
458
2353
577
1971
275
116
2121
198
974
1161
1723
395
164
300
1790
72
1562
2217
1386
1829
1244
2401
2416
758
2295
1396
2756
292
400
1447
1798
2853
211
748
2597
2394
1394
2964
1485
216
2125
2931
600
1869
48
2413
177
1300
2817
719
2374
807
782
1919
2439
757
659
2766
1853
2023
2211
2225
146
2202
1600
891
297
2478
2304
2115
1051
1710
2482
842
1713
1386
2100
902
563
391
1470
2653
1444
2816
1178
891
325
2596
1909
74
627
636
2749
270
2160
1144
2682
2318
131
1988
1577
1934
12
1576
1801
1152
2616
2434
1753
2193
2225
2158
2069
1786
1576
1078
1106
2527
1955
1817
113
1979
2968
720
1151
196
1528
995
403
2571
2120
1668
995
686
1025
1817
2082
1693
1678
724
2577
2841
2114
2749
2463
1961
834
1563
1882
1262
2765
394
1547
2754
962
949
1008
883
421
2855
2318
844
157
2532
2925
666
825
955
1046
328
2469
843
1303
291
2350
1207
678
1622
2215
298
2722
2804
2198
603
621
2089
586
2115
195
999
411
2669
1157
361
1131
1413
1788
2250
1017
1114
2168
2777
2047
1704
1272
1862
549
2802
382
1564
1472
1113
2729
1851
2235
399
1748
1926
2823
323
1638
222
2287
2763
2272
1504
549
2642
15
2718
145
1861
311
1685
238
1825
255
692
2728
1406
2208
1719
2485
1104
212
2128
707
1919
938
1067
1112
1353
2479
2904
2608
2344
1265
1554
1587
565
119
598
537
1972
20
476
2482
1961
1705
802
2783
1457
2445
510
2323
1783
1761
810
2412
2719
527
974
729
292
2129
15
1896
2229
1594
2472
1744
513
1680
1161
1548
863
1494
1309
2607
2422
2163
2765
2913
615
867
2565
2706
431
12
2614
95
796
2562
663
290
1662
1239
697
2232
748
2587
729
601
2098
1968
2496
699
1028
2004
300
1670
1393
1711
1465
1282
1599
2821
1490
1328
2376
2271
1103
2255
534
2948
2544
2723
527
1634
2416
989
764
2394
2273
2064
1025
205
2957
1745
2425
2034
1359
1921
404
643
2744
776
1559
1658
2072
2414
2421
1744
2377
1756
2492
2994
1049
2798
2948
1382
1326
367
468
1740
2229
1410
1113
2383
2374
478
814
1852
773
661
2723
149
2082
682
2729
1681
740
70
2316
47
264
1360
1779
12
2384
190
1113
691
91
2139
2451
130
57
1915
2664
852
847
2807
1758
2107
2364
2373
2593
1737
1702
2978
1599
2879
586
841
643
1744
1076
595
1876
2091
440
2786
2651
1284
180
697
2070
1189
2104
2016
312
2461
416
1574
3000
2778
1965
959
1396
1516
2274
2958
2710
2854
660
1470
1000
1792
2868
1919
422
2310
216
290
292
2570
2435
397
239
767
1140
1285
2992
1341
1501
1472
2848
554
1597
1321
983
2472
1549
2585
2989
616
1319
2159
1618
2068
2326
861
1896
472
494
2371
230
1532
569
1661
1964
2538
265
287
2608
346
2134
868
395
1817
699
1945
2459
2411
2206
2391
1817
1156
398
1065
560
270
948
1582
2338
1578
1696
1553
568
889
1208
1200
2865
2383
1940
1908
1666
205
1403
1933
2092
598
819
939
371
2871
2996
945
1649
1786
1019
2918
1996
1933
2916
907
586
732
1741
763
89
1185
829
1966
340
473
979
1021
1199
2017
709
850
2040
1711
2317
1380
477
321
2267
4
1171
2184
2719
1892
546
2537
1059
1613
2687
1499
1406
2991
2596
766
2906
2135
680
2912
1688
1288
1638
2235
694
1108
2130
192
2656
946
2439
792
2135
1874
2626
192
2723
1735
2277
525
119
2929
116
2556
1753
969
1235
106
130
2288
2979
1080
2860
726
2434
1432
1522
924
1719
699
847
341
593
380
1154
2951
478
847
631
957
1901
990
2913
1103
1710
591
1164
2243
2212
556
757
1655
1090
34
900
2672
1174
236
1553
2867
814
2822
1428
1149
2768
502
2064
2154
736
2541
445
1293
1894
1534
1657
1020
2162
1505
10
2632
1767
441
2189
572
1494
480
1427
2944
568
826
1234
2863
1089
2546
402
1341
1888
423
2037
973
1253
1836
2000
2136
2204
563
2719
2449
291
1940
272
2629
2590
1790
704
2606
2859
2303
1680
936
2256
2541
1684
2465
1152
2313
1300
916
2651
880
1522
1096
1057
884
2152
2706
2097
2423
1406
395
2490
112
237
2265
2596
259
1266
2664
671
719
1600
2051
2326
2827
2163
1102
2440
2854
942
1055
2807
2728
1590
1388
1366
2865
2252
1411
2614
653
1281
2250
1994
1991
691
1345
1608
1976
818
1810
2552
494
1154
2426
1962
2749
739
67
2341
863
2895
2952
572
314
976
136
1569
853
1165
669
2987
1498
1207
2993
1304
1301
1493
1435
2841
918
2713
2471
2435
2183
1917
1893
622
1170
2300
891
1684
610
2256
1759
2215
1966
700
1592
1113
1282
1144
622
2316
534
76
2586
2813
233
794
2480
1801
1429
1167
2931
2934
2296
1769
2657
2492
1474
526
1107
560
664
2823
788
325
1805
602
1516
1710
1174
2252
2403
348
2114
1860
520
2356
483
2683
1828
342
1508
527
887
685
847
229
512
913
2485
1682
2384
2363
1884
2710
607
988
1746
1636
1449
1515
188
2718
1786
2098
669
2913
707
388
1723
2210
2586
2165
1811
1240
2245
1791
1999
2893
160
2810
1243
1607
741
563
2807
2163
1374
1724
1027
2080
1253
1325
1693
2290
2306
2417
2027
2182
1870
960
1844
1317
2483
1184
824
25
1592
2516
2149
2283
2138
1526
2558
41
1970
740
1178
1705
457
76
1198
1750
1490
331
691
2110
33
2755
2935
253
2958
471
389
1898
835
2487
292
2014
1536
1505
1496
225
1929
559
2555
2234
554
2528
25
1855
1265
2893
1251
876
364
328
2412
286
2397
141
1012
1773
2890
2420
157
2838
1390
218
2375
1883
2307
2771
1770
1142
217
78
1129
1266
2416
1577
1431
846
2439
2348
596
2082
1463
2586
1355
800
363
418
2993
109
119
2991
987
2061
2050
1151
1844
2081
2197
2633
2381
2554
346
991
427
2072
97
1851
1178
661
570
2590
2339
945
2978
2485
2515
234
1377
2313
504
707
1235
1946
2305
309
299
2374
915
1390
2912
2022
464
1363
2464
744
820
2932
855
2770
223
1243
2522
1004
578
2201
2954
676
1800
866
1101
2613
1223
1559
900
510
1289
1783
1290
43
373
1756
2119
94
2364
1813
2496
1263
2078
642
879
2459
69
1809
17
1173
1767
1844
1491
757
1008
2635
2957
1411
18
2522
2404
1447
2672
1906
1143
624
1557
1996
1731
1592
2815
1313
1747
1336
989
2076
570
858
529
2888
623
216
2996
1103
2266
56
2167
1056
507
2310
2718
454
2324
1770
1194
2017
2025
2006
2682
1274
830
1747
61
2641
2003
187
2479
2145
2629
823
421
131
2684
846
1766
1114
2386
655
2132
696
1862
834
2005
2805
590
2309
50
2221
1164
2027
1219
1191
1868
1140
638
1486
2031
1063
2114
209
2727
253
263
1296
941
2824
1643
2341
200
1752
831
1980
2745
276
887
1352
2396
1396
721
2119
2419
1231
2658
2357
416
2155
1626
608
927
2023
1100
2783
1944
1894
2262
1846
1306
2880
561
132
2639
744
2770
2706
2443
2074
1837
2965
1911
1518
1501
1957
1312
1058
710
2297
1678
2672
2078
2204
966
2125
2617
2487
2704
1515
1318
1784
2995
937
1408
270
125
693
2057
1319
2683
2631
1274
799
1750
2645
1251
2030
921
2005
1868
1486
1519
1208
518
328
2437
2118
720
21
2337
989
2325
1402
2102
748
1737
1236
505
234
920
1801
2684
653
1863
2409
2617
1401
906
827
2139
1634
2477
2561
1909
932
2467
1711
2447
701
283
1474
1804
205
2432
2645
2819
430
2440
2179
1457
404
9
2699
887
2577
83
2260
747
1415
382
812
1361
2373
1147
1492
2509
640
2543
1042
2683
1292
701
1425
2279
597
557
71
2992
966
2034
1987
2716
1899
1016
621
1077
159
1588
467
2876
1600
2052
491
2300
2129
2943
2619
1945
2837
2207
1534
2387
2264
1469
1155
1524
1152
1363
2974
769
1795
1440
1063
2038
37
759
455
144
933
2546
1734
2878
1648
485
143
1883
2583
1870
46
353
240
776
1933
553
2254
2772
142
1181
170
2228
1367
2827
1203
1972
414
2811
1539
2204
744
1010
640
1346
2940
2321
575
176
766
1761
1095
2962
2490
2261
2608
2992
699
1815
2989
2105
1263
1858
1734
1010
2968
1686
685
2776
43
1034
950
2206
641
2915
2992
2325
480
1563
1278
2552
1740
1023
1267
795
2722
1706
2150
494
472
397
1875
1890
2380
1854
151
922
2322
1439
1531
1136
2184
1674
756
482
111
364
238
2368
1474
1661
2297
370
1880
33
1248
2123
534
1189
506
2620
1053
1781
2892
2322
2937
2633
1191
560
2376
1207
742
644
967
995
345
2238
1391
1159
1108
803
1803
2854
2313
2145
1427
1367
1563
2156
1271
1952
2928
1025
2275
2555
2131
330
554
585
2963
2853
2559
2065
1601
1509
733
2274
250
1822
2577
1003
2182
331
202
2770
78
931
2853
193
205
1470
1696
20
119
629
1869
384
2341
1620
2339
48
2701
1122
2404
1635
2338
2118
154
1328
1650
2663
2984
485
2176
866
1401
290
971
420
2736
343
1794
2176
1104
184
119
1331
1167
2237
1412
1658
2279
1271
2797
786
2874
1255
1928
452
2329
1304
2987
1971
1201
135
2470
833
2538
1152
1659
1973
368
987
2047
469
1891
1764
868
2445
1244
1127
2242
1784
2623
2369
2112
561
2876
1502
2876
2799
732
2342
1410
2000
117
2632
280
268
448
167
2989
876
1296
2572
2096
1155
2699
937
1572
279
1241
2749
2501
325
2955
1820
2689
300
453
1152
2162
2441
241
1119
2952
585
1275
1924
1376
246
2487
486
1674
2621
879
1644
2273
1964
2774
2915
405
1539
1916
859
2176
267
373
2312
734
2273
581
931
2257
472
964
682
2091
713
1213
1881
2684
1103
2936
2991
2547
1220
2521
613
2512
1592
1602
1656
803
1101
207
2048
2392
2508
2411
2713
1804
1475
939
703
2620
860
1494
766
1650
2136
2532
2166
2232
1267
2846
528
2921
2842
2580
2356
1252
2719
1000
1532
1273
1221
2653
1020
44
663
2130
377
2294
1296
673
1143
1082
640
549
2794
2010
755
2183
2705
1915
971
1029
1735
703
1626
1100
2511
118
462
2659
669
2245
301
390
283
995
2528
815
1506
1173
627
2470
1199
2402
1890
1402
2721
1046
2698
2317
772
1969
1945
471
1795
2529
1193
1393
863
1003
1411
2121
578
2360
2500
855
414
2598
2325
2559
2453
833
771
2185
749
1577
440
2127
742
814
1242
1398
2971
2112
1804
2972
659
611
681
2440
1146
1502
2232
702
83
411
1459
2562
1999
2162
1198
2930
1121
611
2648
2313
2860
2480
1413
1801
2904
2569
670
1931
1743
2239
1102
2150
297
2300
1490
2203
1375
1549
263
345
570
1860
2852
693
1108
2437
2618
1323
2910
1112
676
2239
2670
1051
1988
2993
1077
1079
2804
1470
2179
2030
471
1069
226
455
617
1786
2531
1534
1608
1590
856
892
2467
225
1486
2639
327
536
2418
2744
1021
10
395
2102
704
77
2918
1653
2188
1810
1868
509
1319
278
2646
1518
590
2733
1971
2866
1854
2524
153
1013
1699
2616
97
2359
423
1054
1479
883
1470
530
118
294
760
2550
2076
1136
2465
951
1750
2034
879
1269
468
1988
596
1648
1117
2706
715
2040
1112
1469
2712
2642
2619
1023
2575
2194
2580
309
2772
137
1826
291
742
132
2053
966
1797
1571
1427
1699
1154
2536
1576
2373
1240
566
1126
785
1586
2296
761
492
2935
1964
2702
1470
1146
2368
1211
655
895
1339
1062
680
1172
2986
969
2697
2093
45
1089
2896
1048
31
5
976
2509
2913
1016
575
1885
1311
1900
2814
200
1770
34
1822
200
353
509
531
2645
419
974
1553
1209
537
2569
2887
2512
84
471
2079
2997
392
113
2663
767
172
1091
2301
1027
964
1306
275
1033
367
1550
2808
151
977
2557
1022
2675
1353
668
1944
1177
688
2844
1638
2772
707
1641
942
939
1845
2143
10
33
1590
2263
2275
1550
2326
1577
1652
2155
1765
540
1952
2978
2064
1774
1944
1808
1405
2140
2121
326
1909
2482
2400
1142
1739
2209
765
1240
2755
512
949
1288
681
2684
1387
2153
1509
2787
1769
2929
397
357
2572
2685
739
1096
2904
448
2368
539
2701
2610
1128
37
1896
868
979
979
572
2060
1543
444
164
1007
2808
219
1435
1056
246
2523
15
421
1199
279
2881
875
528
332
2105
929
1866
79
748
704
2225
2012
1936
492
2793
1138
2704
2523
1030
2187
2984
2822
1177
2118
2967
2488
1598
1700
2994
1795
2326
2197
2961
2817
703
330
1544
1775
1375
2622
1416
2999
1729
2232
963
1473
826
2991
506
2301
597
338
2220
898
2718
94
1749
1186
454
896
1377
2836
863
465
2403
1283
334
1071
2417
2051
349
1569
768
2338
876
55
476
2837
1525
1386
267
2546
1470
2385
2301
261
461
378
2642
2276
216
506
2944
1130
2299
2941
555
6
2113
363
2039
250
2690
2771
1378
415
2718
1502
1531
2661
710
1248
1363
2499
1832
2958
1139
1590
1744
2229
592
2828
988
1279
2132
1222
2837
16
550
2023
731
2892
1887
1780
136
2884
1815
2690
1052
2433
1046
155
2892
93
38
863
2221
1396
314
1921
1337
1334
2420
2748
248
1291
58
2654
1698
62
1817
2888
97
884
224
233
263
875
576
1211
1891
556
11
787
2263
2771
2154
2006
2929
2591
1176
744
1277
2318
158
812
1858
2257
2193
1618
2186
156
2416
1406
1022
2336
2811
1130
351
1648
2245
84
732
1437
1198
1639
465
538
412
1881
581
464
1544
359
2881
697
846
1247
2952
2504
2645
116
1359
1038
1209
1241
2672
657
419
31
1081
327
1762
2830
1832
1952
2636
516
2243
1441
1676
1083
2225
1064
1571
1591
1674
2717
192
1643
160
2332
2753
1353
2984
199
2890
2143
1100
2023
951
345
1926
2187
2275
296
1034
469
1265
695
2098
1293
1132
2961
859
1434
1896
2092
1323
1624
915
985
1304
2278
374
963
1345
2123
33
2464
1223
1526
991
1298
171
2552
292
913
1152
1629
1475
2033
2392
891
1604
1507
56
476
755
1207
2275
1753
2907
286
1036
1308
1143
21
674
1281
1246
845
26
648
262
2453
2054
1476
2127
2563
1028
2737
399
101
701
2403
1975
2338
1123
2440
2247
901
2245
2962
377
325
658
130
1521
1956
2164
2029
1753
232
976
964
2373
2891
1793
1530
2530
2997
2211
740
1439
2230
2295
1008
292
2186
2514
795
2660
1674
2930
555
2574
2617
2150
2755
1707
430
1726
1024
432
2736
1832
2487
1079
2702
868
909
962
1783
415
823
2700
2966
2037
2380
1402
981
1161
1835
784
1558
1483
1716
1446
1731
1602
1352
2217
2348
2586
2931
2138
841
1113
916
807
1256
1691
934
1075
1825
229
1289
1967
2263
2521
772
1080
2452
1596
1535
1282
2931
1372
1965
1892
2457
2300
2645
1928
1905
1308
2974
2606
2544
1600
241
1474
1117
2302
2888
1266
522
1621
2515
2725
1060
2616
2457
298
434
2267
2570
1973
513
2096
1640
2206
2034
1525
2601
820
2098
2014
1185
2411
1066
409
884
956
785
2554
459
2132
32
1000
1635
567
1611
839
2984
1890
634
595
366
25
2238
625
343
2708
115
1544
420
153
2831
724
2306
584
480
2126
1263
2588
2380
306
1639
969
318
908
2855
57
2858
192
474
2061
2058
2427
40
1164
1104
1643
801
2039
2114
1393
297
816
240
1426
1636
429
638
2247
2284
2407
189
2207
407
1030
522
2607
1827
935
2859
602
2258
59
1142
98
2244
13
127
2469
2035
2484
2799
1221
678
2182
2700
2013
53
2704
999
1246
2611
579
2079
843
333
2117
1540
2529
1695
418
1790
2481
1107
293
1072
2100
1369
1543
1250
533
2237
647
725
1268
164
1396
1519
2708
284
1926
2957
898
1174
1185
488
1043
977
2672
1225
1958
739
1636
108
390
1833
1931
414
82
900
760
820
131
2206
1427
19
1269
1631
2776
654
1321
806
1554
860
1658
147
2736
194
801
1242
337
2148
952
364
397
350
2471
2240
2020
1735
394
1800
1701
1892
31
1992
2157
1607
2875
123
2028
1658
879
217
701
2469
623
2946
2550
2584
645
1349
2638
672
50
1502
3000
1590
1474
181
2826
1598
1594
1594
549
1966
2497
36
217
2704
1240
337
2418
1708
1721
4
1444
1270
113
2512
1539
1683
1792
712
2222
35
2388
280
2228
577
177
2096
148
186
840
249
1731
1642
8
1163
1815
2420
2767
81
1863
2707
2301
1847
1326
793
2123
1095
170
2216
2053
2572
2591
1469
1340
1525
146
2482
510
2876
2131
2263
312
654
514
1190
625
2716
1833
1666
2954
2796
1326
819
2896
2206
1425
2680
2894
1030
473
591
211
2508
1117
995
1110
549
532
1406
444
647
2751
673
2617
2121
2591
1872
2017
1479
1029
2894
1888
2889
2853
1452
439
637
387
1915
2603
2774
2262
1284
1986
714
869
424
2937
2244
866
1080
2740
1455
668
1825
1509
706
2017
2486
2977
2638
1337
737
1970
2777
2807
1001
1535
2323
1362
498
378
2017
2658
1251
1567
22
328
1177
593
607
1442
1508
2713
2931
257
1638
1756
2990
1669
2226
939
2715
1623
1992
2417
2031
2175
571
528
1295
2268
973
2729
1110
1621
2123
604
922
2943
866
2227
1558
1358
63
2290
2897
1772
2947
184
2303
1004
2147
486
1613
2029
1436
1794
2347
2605
1783
2093
1428
844
2595
566
1450
1168
1698
126
1253
1707
838
1546
2967
246
1825
752
860
2835
1727
2341
1765
798
717
2429
258
582
2517
2926
2541
2390
1670
409
1453
456
2846
1460
324
1341
217
1319
70
1876
387
2700
1116
283
565
2289
2955
642
2259
1192
1606
2047
1462
748
186
1449
2828
1301
571
2258
1488
1105
2672
1569
149
2998
178
2755
1642
824
2219
1934
1619
2223
795
2484
2677
1638
2569
1880
216
1641
734
1607
857
1764
2974
2518
1852
623
1856
363
1498
2550
6
1900
1000
1995
369
577
896
292
976
1965
1463
2545
90
1296
2962
2796
2611
2626
21
537
2834
629
1893
666
766
405
2702
2371
1515
2524
786
829
67
145
1115
1019
1763
2918
1539
2532
2245
1558
40
2546
879
318
2740
2019
2815
276
1151
1594
222
978
849
1435
2139
259
150
1181
371
2629
2340
943
541
580
986
948
1800
419
2001
1367
2147
77
1038
1435
507
1300
2277
1621
1829
2497
491
2236
2519
1725
1788
443
2587
1934
1196
2102
1570
1981
90
112
444
2309
763
2363
2350
118
527
2380
2431
1087
2092
1957
1094
1927
155
837
2971
2365
1746
2005
124
571
907
803
456
1454
2011
711
2657
929
44
2916
1192
1981
2608
1976
565
1856
1659
1241
1117
1983
1978
615
740
1645
604
463
1512
325
1456
299
738
2618
1831
2530
639
2931
2763
551
559
2247
2053
1407
2391
1634
1309
1032
343
2521
2402
1543
374
2743
2280
731
1930
2930
650
2566
625
2267
1529
2019
2746
1797
513
1506
475
2549
651
2838
864
2198
1684
2039
512
2087
677
181
1791
1454
1385
2766
91
1153
2852
443
2399
74
2610
911
2063
182
940
708
133
2046
1774
1143
2344
1388
2603
1611
2585
2578
2950
2834
2283
2520
1320
102
738
1355
2529
2117
332
232
2305
1960
360
1164
2395
602
2332
2677
1838
2469
2131
288
1470
1646
1475
178
1056
2566
1541
1531
1450
927
1018
1291
1904
387
2336
717
1990
299
897
401
595
1876
2826
1653
141
605
344
87
404
1340
2738
1965
1778
781
534
541
854
812
384
2306
1397
107
1728
2878
994
70
465
2203
2574
2796
621
809
2058
1173
2519
2694
1715
381
754
1384
1931
2278
3000
864
2200
1454
849
1583
2376
2355
2244
861
1188
2504
2775
2350
357
2904
2623
1038
1512
45
1960
2561
682
1414
1766
1367
1028
2710
1553
2117
1645
470
1227
1782
2895
1928
2177
2829
2617
2318
363
259
2297
127
2918
864
2401
1368
2231
2135
871
1649
587
1224
1709
193
2028
2489
450
2024
1528
1730
226
672
606
2005
1396
95
379
2789
2366
2050
465
205
117
136
496
2774
1075
838
1110
512
1443
565
2735
2541
2343
1062
1308
54
2315
1214
1659
1940
827
2149
2097
1257
607
234
87
2916
1371
883
2825
1164
2187
218
64
982
185
1000
163
1974
2347
1200
1066
2233
1266
110
702
2991
1358
182
1369
2220
1916
2180
1276
340
427
1302
2234
1562
1013
1616
84
1797
2047
2687
199
361
2555
1718
1142
2116
697
1817
2225
2373
1671
2939
1050
1192
2081
1758
2330
1656
1271
2576
724
275
2393
2209
2119
1717
1740
459
2386
438
2485
2528
620
2241
2246
1813
106
2845
2902
359
1728
1273
1749
2747
2052
699
1012
679
15
134
2806
2845
2521
223
1376
1860
2556
2698
865
794
1180
2821
1716
2238
1592
947
1692
874
561
2857
64
2982
216
1019
2983
2419
2531
1450
2393
519
70
1492
109
1652
290
931
1742
3
799
1522
1230
748
2017
117
2152
1573
2667
2999
740
845
1079
732
1489
1212
1348
2005
349
809
399
776
2574
1451
457
465
1025
549
1530
1036
799
1986
1245
2677
2565
165
2644
1022
2528
1024
1529
270
1484
996
534
1692
1701
1914
1355
1282
1008
2578
2201
2599
950
2616
2863
959
2414
1994
411
2602
311
407
1487
2727
1007
2963
2103
8
26
2857
1582
648
1117
2721
1375
2556
2362
2415
2347
1535
663
606
2456
1609
529
2241
664
2787
1307
1497
252
591
1186
2323
1661
2790
526
2435
944
1524
2617
573
2589
1392
1102
474
28
878
2946
2707
133
1675
2679
2798
453
794
1966
378
1957
1735
76
2402
2761
965
2610
2360
819
1323
2104
1135
82
1844
1564
1646
1238
1941
56
527
2314
1635
1491
1932
2373
1969
1871
1018
2111
1841
2314
911
2772
1507
119
1453
1755
14
2502
1063
1834
1359
2710
1484
842
102
1728
460
1612
2695
1074
174
2086
369
1793
2428
1138
903
1623
564
2994
158
2195
2055
1155
243
40
538
1112
2433
851
776
1039
511
281
2219
2368
1522
1607
2301
2431
221
2489
608
2378
1222
1096
1086
12
1027
219
1789
900
390
1550
2016
1858
2876
1549
2581
2121
2430
2869
147
2541
2262
2462
367
2095
981
381
1996
1294
282
1673
1363
226
2900
1094
2677
2138
2955
2106
548
1551
1220
416
19
576
293
1642
1885
2194
440
2573
1719
1740
337
2296
1673
1176
2433
1977
931
2784
2392
2326
620
595
738
2533
2637
568
2352
1883
2058
1379
1405
1447
2932
1583
2193
1651
927
2903
1818
2106
2374
637
867
994
281
990
2238
2381
1366
1997
773
1463
967
1600
1318
894
1585
2283
1951
129
2003
1330
1858
1015
1039
13
1267
1224
358
450
1062
1862
42
2532
2549
216
2568
358
1028
2030
2146
2434
508
2653
531
2578
2370
1695
441
311
382
632
2085
2931
2250
771
320
1087
2701
722
45
1580
1542
408
456
1393
1487
2573
918
2179
183
1425
2489
1564
1402
2661
2206
1504
2153
1060
2796
1018
1950
2039
2731
432
1468
1740
103
2459
472
1147
1893
1503
2635
1293
2483
2604
1388
1575
1458
2989
2193
425
775
1945
887
1825
1831
2733
2532
2381
2280
1296
1214
1157
45
1138
921
2910
377
1299
644
2059
199
2818
1587
602
970
2553
1387
2742
1479
2818
1493
2720
2657
1759
391
2346
1554
1018
1975
2830
2273
495
1980
546
2986
1200
705
2720
1480
2253
1342
369
1430
2479
646
232
183
1883
206
410
2978
1162
197
632
344
1418
1510
2953
1199
319
841
2306
352
1150
510
1124
935
2296
2947
1148
2122
100
1742
2944
637
1046
416
40
2980
1113
1766
2514
2859
1111
2126
1981
910
413
1785
2997
2497
2303
11
2966
2153
2617
2977
2467
1908
1012
463
2711
2596
2379
226
1896
2170
434
821
1510
2823
1912
2946
2236
551
2468
1371
2745
116
2566
596
1985
1832
1604
2040
1866
1239
2127
805
1354
2754
1334
117
111
1462
447
512
402
739
823
2929
1164
265
1605
268
2933
1322
1881
1236
2970
905
1266
2523
1436
938
1130
1660
1401
1140
3
788
165
1727
1892
1221
604
2149
1808
2513
1572
653
1494
1859
822
851
596
275
851
1373
2281
1179
1895
1145
783
1844
171
2072
2576
2182
1151
720
1405
2124
2145
2792
1894
2682
711
756
1398
1591
2064
2002
1666
1799
1055
1615
1364
1014
86
1416
1981
918
980
2570
1984
2009
2522
1189
1829
217
2742
530
701
2317
1049
169
226
2200
2701
1037
1223
1945
2152
2567
540
2913
2502
915
619
801
1191
190
1972
1200
2068
2533
2911
2455
291
469
2096
625
2826
2737
1603
1136
1421
2147
500
246
396
326
380
104
213
726
2192
1464
973
1254
2169
1123
2001
1026
2276
960
2357
2240
2723
121
1726
399
775
2054
2736
954
2740
1560
1546
2240
989
1633
489
826
1835
2183
207
2214
1998
1457
1682
1014
9
689
558
1266
1511
1173
1203
1132
1620
2290
2758
2011
1273
2181
1677
524
2002
2844
1817
903
2668
2909
2194
527
958
161
160
2122
367
1929
1630
1983
2643
962
2082
2743
2886
1120
110
1472
1428
829
1220
1536
172
636
901
857
1885
348
580
2090
2943
2910
2487
1881
197
2432
1491
2099
1685
2108
2598
2272
975
2649
2943
1354
1435
2848
65
2946
1761
1849
2628
884
795
2628
2427
1157
1837
1506
1458
139
714
868
2692
1075
1649
2955
2398
2777
143
574
2171
1843
356
267
2231
986
1385
2081
1356
2358
2552
2334
2659
1971
232
1405
1489
993
2654
2343
1828
381
2496
2899
2125
2100
2749
2137
2671
2887
1808
1842
1455
2612
2324
2143
183
2713
1019
1182
2161
21
577
498
1994
2039
320
1900
2858
1929
252
1807
2181
2335
236
797
586
1098
887
745
1307
2443
2363
2093
581
2019
215
2515
1941
1274
1106
2414
2857
2684
2649
628
328
2246
787
2391
200
2509
406
1053
2582
290
1659
2086
696
2829
1855
187
2895
2602
2448
2654
2166
2738
1671
1990
1908
558
1248
2422
1916
2139
1745
2599
2689
241
1285
499
1006
2062
481
689
638
787
2430
2956
261
2040
1406
2421
1734
1160
1576
325
2308
373
267
2495
851
2001
815
254
2811
54
2167
824
659
1937
934
2023
1364
1189
1693
2197
1903
1757
1469
2133
2691
663
659
2106
1370
2963
641
2158
363
339
1993
1437
1938
2698
170
694
798
2590
1753
1039
2176
1171
534
493
251
2923
2128
1419
224
205
474
890
1014
2045
856
239
1632
2748
1862
2024
89
2414
2422
2592
1980
1762
1510
2598
1449
1836
992
2757
271
1100
499
398
2337
1187
384
2744
2469
770
1432
2776
1090
1599
2381
1299
183
666
1041
1805
252
2093
170
2137
149
390
449
975
14
1090
2366
326
1334
320
50
1023
1917
790
1561
473
1601
2866
2288
682
1448
250
2840
363
285
2207
2180
2246
1706
2463
2093
907
2499
1495
1624
2263
1008
17
2247
1314
313
2368
774
2060
1096
1281
1207
2084
370
2169
1211
2252
987
2782
501
564
354
264
1210
13
516
651
1375
740
815
1486
691
2604
1399
1508
2325
693
1192
108
1205
2965
1189
955
1366
1140
2015
2949
729
73
1044
2227
984
2639
2192
726
563
436
2242
2048
1702
2574
81
2469
2175
292
561
1414
2083
1837
354
589
1903
1113
531
1947
2499
1337
1380
2194
1462
1361
2610
602
1368
557
2654
797
1416
1672
1626
1850
943
2706
1860
194
2160
1369
221
1443
2141
1196
1655
2101
1487
2082
1978
2887
2722
2542
35
1568
702
2704
524
311
1589
2697
2988
2990
1217
1182
478
1071
1587
2081
2543
243
1199
988
1740
1756
1013
86
1167
2502
5
2736
1205
1462
2940
1765
2435
1675
1133
498
2510
2719
2550
2792
1889
995
2358
1802
125
1254
1889
1013
2714
2279
2251
29
1452
2435
418
2118
1954
2273
1640
1337
2423
485
2270
2517
157
2027
752
937
1995
1901
128
2317
945
2890
1413
2864
2242
2755
2047
2044
680
979
778
2682
2695
2663
2129
364
83
1635
2171
1302
2561
1687
44
1993
2898
451
2462
38
2484
1841
1916
2169
535
2193
279
501
1921
2997
840
2505
1787
1835
2676
2009
1065
1193
353
536
1534
1840
895
2978
854
2275
2695
64
95
2365
2438
2392
2816
44
618
112
334
69
2996
1827
1892
2793
1661
1360
2476
2224
1244
210
1984
787
1562
2402
2499
2666
1991
245
1310
583
291
1147
1394
2675
784
1823
2460
1464
2777
2493
1907
2101
244
1176
547
2570
1211
410
1361
1526
2463
1897
2310
87
2593
477
925
1974
2454
400
2728
2535
1026
630
2
724
523
927
729
1952
651
1047
1035
2702
2303
2175
1972
2569
2279
2926
2745
1211
2044
696
2639
2400
2767
2676
2398
194
577
1111
2560
2937
1509
806
1382
1787
2125
2150
2202
192
2853
2799
965
257
587
2332
808
914
2314
2411
959
2424
591
2764
548
997
2627
210
2588
2541
1623
661
319
2451
267
449
2369
2381
1583
2209
2594
675
373
1629
536
1136
1053
2357
2182
889
777
26
599
400
554
2402
315
1572
972
1478
1107
2449
409
2460
523
1705
914
1666
546
2217
2807
1816
9
743
1617
254
2310
1577
965
1898
2248
2787
1971
572
886
2650
1526
531
5
766
1196
422
1093
2872
1614
2500
1629
1190
2534
44
1830
374
545
102
2219
2810
2396
1017
1179
537
2498
1581
2016
2429
2356
1569
79
1914
1312
741
2246
2309
851
2547
375
1440
287
954
2040
2280
2744
2988
2072
1357
2647
1396
1235
2327
2498
1017
221
381
134
112
1675
463
520
861
1315
2259
2702
1540
1007
1120
80
1515
533
717
2106
1987
2128
1704
103
32
253
1592
2060
519
2439
2972
1202
1464
2677
1930
827
522
407
2434
1885
1282
799
833
1661
2012
1953
1646
2976
2315
2629
673
1669
1664
1157
459
2559
1999
2616
311
735
1551
1660
1536
1077
32
398
1311
2346
2361
1319
909
85
907
29
2337
2460
58
2850
214
2437
2960
1618
1612
2760
1023
2624
765
1024
1718
2313
202
1136
1256
1227
2778
500
235
1255
1987
2219
2600
2033
2007
2491
170
2266
2208
1895
169
1302
922
2192
2876
2576
1735
612
1588
119
1723
103
1177
430
1270
995
2165
306
1625
2451
1197
56
264
1136
1550
1856
280
1275
582
2845
2310
2800
2397
40
1008
1829
1632
713
2700
2716
2610
2246
1659
915
1298
1573
1041
2437
2428
2378
2747
2458
909
2764
2994
2505
1838
771
1053
2043
1942
454
1731
1790
2773
2120
1130
1381
1868
2133
2090
2649
2072
2882
2852
884
2464
1089
1583
2633
1033
1265
1461
602
1209
576
2147
2755
1410
1696
320
509
936
474
2205
8
999
80
1744
2889
2922
2174
1818
85
2739
1647
2266
2361
1184
916
1366
717
167
1392
859
819
2382
2762
2282
2080
538
1392
289
2562
1530
2500
2041
2583
1773
543
1917
400
1631
1422
1648
1317
965
979
1561
351
2341
1294
1842
58
147
1017
1733
286
1936
1711
1881
796
1251
1897
2238
2498
2230
64
861
755
1501
1858
2511
1678
2128
2999
2475
2184
2087
291
1335
82
1480
1927
1756
2262
1930
2528
2405
1753
1391
1013
320
438
452
106
1711
1066
1035
359
748
1362
1045
1608
425
164
1036
751
913
1766
1243
1663
1477
2570
2212
1187
1941
1919
1685
404
2262
1786
334
2414
1248
2137
1157
1589
593
974
2190
2859
1865
1835
738
1453
796
1680
1695
1808
1337
1978
1707
2329
2816
996
1377
1195
430
2116
822
1007
2303
2601
1778
2006
1818
1927
1607
1594
2660
159
1983
872
1139
97
2874
247
1068
759
1046
1242
1926
1419
1644
90
297
1051
1094
2847
775
2924
2455
1957
2371
537
718
1883
2529
643
1166
2617
300
513
661
2159
2949
2310
1162
140
2946
2904
2436
2178
691
623
279
781
2752
1037
1111
76
1713
1207
2893
105
1936
1294
915
2031
1765
1756
1241
2493
2930
994
2696
875
2946
1435
1099
2245
2106
2726
1926
1818
1053
1357
1754
2637
2947
2427
927
2751
2930
1179
2226
726
1658
363
1666
654
2884
750
864
481
555
455
1208
1687
473
1564
1916
2739
2663
2778
891
473
2246
587
2112
587
714
393
1191
2679
545
1051
317
1502
2429
2025
916
1871
2391
19
2736
695
1450
1993
1091
1586
2634
2774
1221
831
72
2169
2288
1158
1846
1286
254
2998
1668
1803
246
1988
2340
825
1119
919
1329
1049
2234
17
1096
1215
2785
2875
1392
2413
992
2481
494
1265
1314
465
2347
465
867
2567
2701
2149
1608
2888
1376
2252
1481
410
2259
337
67
1698
1138
522
733
1436
2344
2808
1625
570
2996
1756
2107
683
1419
274
418
1223
1500
182
1552
550
2962
2295
1774
800
2982
704
664
2462
2802
2153
1307
1540
1768
2637
208
1082
1017
1498
1710
1350
2480
2223
375
2908
260
2839
881
1598
2019
2731
1785
1634
1908
2149
121
2384
2656
2491
1770
1345
1647
275
2062
786
1437
909
906
1625
301
1337
533
1027
1039
798
1329
719
1369
340
459
2305
630
1224
2976
120
65
1818
1523
2436
2750
1511
1052
2373
2432
1776
40
2269
1123
1218
2798
235
2472
1653
1107
2710
2081
1916
603
2557
1944
554
914
1721
2430
1025
2281
2737
2698
1515
1181
2201
679
2653
727
1066
2712
870
867
1781
1431
233
2586
1425
947
931
367
2379
423
66
392
2728
386
1573
1094
556
1691
1903
2076
2746
2597
261
1139
1244
2758
1590
1799
2509
2038
319
2385
1648
2676
1707
1229
2750
1018
2017
813
249
1195
2476
2248
2351
1256
2269
2665
160
1297
520
1828
1801
816
2953
22
832
1477
1267
2200
2182
1964
545
600
461
2269
1152
690
1083
2239
2020
1417
1860
1103
9
369
2967
1940
1216
271
2152
916
90
2193
1371
1243
1105
2770
2379
454
2662
1497
2009
356
1016
957
1677
2983
2871
1400
1417
836
1336
2033
400
50
932
1499
2140
349
1844
1210
1321
2014
1362
1030
1517
1339
657
1799
2819
696
769
713
2474
2743
1988
730
1194
215
1892
2782
2886
2355
2077
873
1631
1283
1525
2444
2088
1195
2882
1963
2497
2759
1001
2514
326
1336
1574
2248
2629
146
2598
2786
1606
823
550
1615
2374
2908
704
2239
1994
2920
1323
171
625
938
1197
2179
1798
1863
1675
1992
2028
1902
1432
1483
2950
872
2904
1638
430
636
171
1835
1874
1276
1684
2756
2952
201
1501
2379
2801
954
1280
2610
199
2000
764
1977
1725
1442
789
2770
1730
1086
2901
246
1467
1386
1182
1801
2911
1056
1303
2767
1149
118
438
66
552
847
186
1388
1801
1951
854
2429
1457
1363
1702
2866
2384
249
1686
1129
1803
1743
482
1903
2423
1274
59
2730
504
2877
2083
1242
371
1407
664
2311
2895
1402
849
2265
1691
438
1417
1268
1699
1472
336
157
57
1704
1336
1617
2273
1314
1585
2540
159
2725
1580
2330
2672
929
517
1146
2632
2032
1481
239
1491
359
2176
2561
1456
2452
2214
1036
1155
763
2534
290
2911
2988
1345
2799
2409
402
10
1834
1656
1230
1536
968
596
2866
2628
1845
106
2507
1910
551
2692
2842
59
2828
1326
461
2466
182
1233
403
343
1131
882
1772
1565
1020
2805
1151
1680
1885
2837
1009
1780
404
1155
261
1768
2404
1162
1394
2358
994
2965
1235
1440
959
1860
2797
372
2346
1107
1510
363
2365
2269
2388
1741
592
146
397
1197
1925
350
476
2644
2264
500
2704
1263
2658
2670
2580
1989
668
1799
753
1520
1431
1513
189
1650
1016
761
670
1344
2452
1713
2383
2490
2948
2871
2870
1084
2628
1502
2362
2646
2110
2294
2133
1415
2478
1104
2644
2082
672
2725
1610
673
2196
1296
351
1408
2114
1770
533
1203
1737
2014
2140
502
2920
2492
943
1222
1117
571
1105
631
2343
571
1841
1042
482
808
2912
2310
571
648
401
21
1935
1095
155
1072
2517
2098
1198
298
1278
1082
1161
2644
1713
766
20
2651
2345
1511
1527
653
1785
1565
2847
2624
1635
1325
1247
667
2120
2717
1179
2935
1913
2142
2128
1242
642
86
827
1874
694
1865
2181
1625
2806
998
1316
1356
2622
1299
1908
1572
2300
884
828
2631
2361
2720
1369
1509
2409
1536
2458
676
1611
1204
549
220
637
2386
63
432
2201
1027
2412
2273
231
2017
1129
1795
502
2869
1499
177
744
854
1059
2383
1349
876
2333
2433
2936
467
2618
381
753
1444
89
1055
1751
2928
2049
1133
2972
950
1633
2952
1895
1432
689
1029
2256
2148
2262
1985
735
1196
1970
561
720
1941
2130
1858
1106
900
197
608
2218
1577
2873
2743
2098
1378
1998
52
1936
606
805
1574
16
1200
1103
822
709
2809
935
1501
1850
1275
2636
145
427
2426
801
1635
2850
2695
2599
13
2395
1558
1308
2523
1504
2831
2480
149
1921
2135
2007
651
2361
984
2058
447
1463
227
1673
2603
1161
2130
1851
2993
2590
2828
1714
2594
2659
2717
17
187
2209
2641
1520
1702
2598
2755
1541
1141
499
1090
1003
1153
1405
266
1289
619
1471
2513
1443
2285
255
2581
1576
926
922
1842
996
1406
2697
1889
2329
1256
2809
1971
2732
733
1638
443
1985
525
310
2249
20
127
910
2151
1769
852
2940
1754
861
2136
790
1132
589
1876
2518
1268
2041
2661
2644
680
1950
1221
1233
2189
755
960
2743
61
1727
2474
1109
1923
1361
1379
155
468
335
1172
1653
1370
1369
598
763
1615
867
1329
983
817
2686
2475
951
676
1668
2248
825
1578
1366
2046
453
1491
39
1027
1710
2655
983
354
1734
1319
173
667
1450
1781
1862
1876
999
90
2190
386
354
263
934
827
2814
1782
2633
787
2128
2188
1003
815
2629
2883
1930
2460
680
683
2401
1964
2727
2618
2336
2168
374
1984
2454
1681
377
942
628
2470
1026
1429
52
2925
2034
1139
2615
704
2557
1149
463
42
1022
2706
1819
2171
2242
310
1263
1314
2928
519
2589
1542
1344
1931
1965
349
1874
1892
898
1305
1472
2572
17
777
2793
2459
559
1652
1216
2776
291
1374
1306
283
892
2901
2736
2698
861
1438
1431
295
883
2524
2662
1372
799
1317
2097
2628
501
1963
1095
1460
1957
1840
2617
2440
1878
698
1973
1844
1136
1402
2921
1300
1243
1119
2472
1406
2251
1318
640
1921
1259
648
811
2327
2604
1295
2349
2096
1978
2091
950
294
2901
635
2721
2373
301
1076
1127
1782
488
2599
61
565
2850
496
92
2716
1136
741
2497
2452
1493
525
2998
1556
1248
104
1977
841
22
1644
2059
2054
639
253
1894
1790
2051
208
1198
478
1961
397
835
178
1870
2009
1976
670
565
89
1408
25
2011
1465
1191
2885
684
860
2028
894
1984
316
1995
551
714
2095
1107
617
288
2486
548
2692
1325
2885
2766
226
899
2845
1903
2511
104
2725
1706
2986
1039
2647
882
2117
803
2703
1314
2005
887
1451
2382
1738
1219
2699
916
2082
526
1388
1748
1789
2114
1664
2481
2217
1036
151
1910
588
1063
1841
259
251
2945
599
2664
1035
2700
1315
1406
2233
1610
52
1598
2686
254
1052
2129
1783
1028
2478
1899
139
2426
2331
2756
756
1179
368
2456
394
1508
2334
2317
2676
791
932
888
357
342
2013
2639
2036
1440
2278
141
731
858
523
1389
1236
2570
2976
2436
1962
2029
1694
716
1690
1254
1209
1829
652
1048
1307
1510
2827
239
1067
866
1013
2754
2887
1560
1369
2967
2930
911
72
680
1477
1085
2914
1435
2317
317
918
2154
654
1074
953
1246
1352
2775
2658
1775
1919
1030
1660
1315
1314
393
1556
2218
2610
2229
2756
2492
1168
1749
2247
1045
793
2927
1947
396
1872
739
593
2592
358
1367
2875
1186
1453
199
2505
2851
931
2734
1213
1472
1242
456
1685
1782
1092
1970
2113
236
137
1042
2448
2860
1008
1492
1245
1482
1653
188
2582
2428
1408
546
950
363
925
1869
2737
482
851
2281
327
1196
2226
1502
2501
2676
952
2824
529
2085
1518
2429
324
2649
2245
2725
2908
1239
1263
175
2718
2626
871
1733
2217
2197
990
2631
2046
2605
2387
2503
137
1833
2871
1882
1658
1406
554
2917
600
2350
1816
343
2120
675
2198
1339
2782
255
1809
2763
870
769
2543
1811
1243
214
1494
1463
287
2428
957
2949
1678
1482
67
1987
184
1181
2530
2772
1775
325
1727
400
71
1826
2728
2622
99
1977
723
429
540
2455
313
270
2197
2368
2006
428
1892
1474
1411
2687
646
2053
2969
1300
1268
1343
2746
2553
2577
1369
788
843
1057
1349
399
625
29
2498
806
209
1941
183
2532
1043
1459
2905
227
1499
1360
1554
1715
1508
366
2408
2819
1501
1292
1748
2857
1527
2430
2744
2984
2502
2267
224
106
908
1613
2890
1616
183
2276
300
1801
2510
1296
658
2289
2460
1846
1648
615
2000
1543
1626
2085
1897
827
747
2359
2525
453
1021
2965
681
2549
1397
271
1059
1386
751
1411
2124
1196
2128
2701
499
1072
389
317
2386
2187
863
1348
862
628
2075
1927
2899
2679
2363
15
357
1999
651
2954
2192
931
605
2200
2061
418
2511
2107
1685
490
61
2029
1217
129
281
459
2317
31
1647
2705
2786
2098
1577
2954
152
2820
2364
2077
1265
1984
2673
2860
2607
521
1843
2154
2293
2154
2313
242
973
659
838
2463
1125
818
2892
867
2836
979
1406
1238
2997
1128
2215
122
2854
2096
667
44
2808
1193
2522
737
1528
931
324
2374
1633
2240
144
1287
1443
1886
1135
1597
2719
1347
1395
1568
1557
2711
1473
716
2772
1979
1238
1181
1327
2732
643
2349
2345
2743
1570
2583
405
879
2957
386
1968
2783
2267
836
835
2258
718
2948
2771
152
1215
917
2870
2564
890
539
630
915
1827
2475
1596
321
1321
388
2867
1656
132
1497
1203
282
2699
343
1775
2105
1832
2939
566
548
1467
1955
1433
2829
27
2418
1234
1753
2387
2634
2119
245
2223
39
2925
185
190
1277
2483
161
2630
1598
2603
997
45
2543
866
719
1364
1162
2584
500
76
2905
1357
1897
2120
167
2370
2059
2138
863
2964
291
1843
933
2932
2934
2108
2177
2021
1512
766
1014
676
942
2986
57
1934
101
1128
2628
2653
2406
1055
1391
606
1832
1063
1663
2805
416
13
559
2741
2823
2113
799
675
1493
2099
1499
8
73
1623
195
1809
1785
107
2824
1879
2823
523
960
1262
840
1199
2500
1504
1724
1241
2569
2
595
289
2613
560
1530
738
2790
166
65
647
898
2924
22
287
1917
2285
2153
2470
2121
2736
2967
347
2436
1698
1930
2323
2862
1809
528
1677
1165
2527
1588
350
2927
2954
2065
2696
180
2969
1431
430
2299
2946
2118
1444
1939
1019
1202
2792
1659
1696
2307
1446
522
137
181
2878
2194
1527
1539
2285
2079
746
45
2591
1333
2387
920
1877
1896
1864
1317
818
2233
337
1085
77
2357
1800
1013
2980
1750
1758
1966
2019
2442
1325
1159
659
824
1637
2028
2028
67
2104
1761
930
350
2493
1298
1100
5
1206
2278
472
754
316
1827
2203
857
1692
2665
2066
1365
1162
1505
2119
1753
1901
291
1726
1467
1533
2284
2904
1766
2965
2192
643
1782
1032
2501
1208
733
2025
2380
1907
939
1401
1224
2776
7
425
1612
2384
874
825
1702
1509
557
1967
2302
540
2946
1544
1790
1109
511
1867
1790
1550
1843
2627
1721
2680
2033
1994
723
373
469
1479
2119
2668
2558
1444
1310
784
1414
950
1751
1010
1538
341
2801
2139
2751
2384
2594
1187
2650
689
2349
52
1024
2164
900
1751
1402
1589
2590
658
2010
1710
2681
1028
794
505
2412
27
2839
2587
529
989
215
2647
480
2046
817
2808
2418
209
966
2316
1293
1074
1583
1326
1378
2890
1425
1182
1746
1912
2511
2755
1446
832
1372
1054
2028
1621
1809
1373
2363
1366
74
2472
2444
1017
716
2681
1826
1758
1636
5
1580
2125
731
2032
292
1673
1838
43
462
2199
2723
1973
40
2555
820
1990
2127
1419
1746
1472
343
2082
1752
2264
1105
152
1252
1964
2714
1091
2188
2508
1954
272
301
1786
568
1224
1072
1593
2595
1241
1113
704
1139
1789
329
1833
456
1927
803
1173
219
2082
2155
502
745
2274
2570
2220
813
1262
1794
1292
2074
356
1699
679
2270
2042
613
184
748
720
629
2094
272
2051
2075
1534
2790
571
2849
1116
87
1266
2292
1091
2276
770
1053
2233
183
451
2703
314
2974
1346
2055
2567
462
571
1168
1911
1876
1169
1645
2907
1931
947
2149
776
2312
2436
2439
1728
1893
315
1506
1883
1483
2640
44
609
2441
2912
693
1583
2680
1387
25
590
1212
2532
1926
1738
1834
1277
2507
1899
1153
559
2299
2677
1885
2544
2778
629
274
1372
1914
997
2728
1553
2638
1744
1215
631
1712
561
766
2484
179
873
1995
2310
593
451
373
1466
1917
2137
2083
813
55
2436
104
2118
1786
1527
126
172
548
654
359
628
1645
1546
623
528
1588
2423
475
2664
329
945
2364
1689
2132
644
684
2384
1588
791
653
2117
905
446
363
1468
1824
2996
138
1419
179
2964
1920
1149
1756
498
542
546
1141
71
536
1712
1418
2121
2969
2711
1382
1048
2755
207
252
2566
5
423
2025
2621
2065
1966
2343
1879
2706
1811
6
520
1877
781
2474
2068
1892
365
1147
251
457
2159
2424
2834
1430
16
1977
610
1451
99
2832
2993
2885
1971
1697
1381
2432
1791
580
788
798
1981
211
1996
90
361
2449
1929
534
191
1953
1415
595
2327
128
2999
2015
2450
926
573
2935
743
297
558
206
2211
388
2417
797
1587
2739
309
2148
124
1637
507
2479
741
1629
949
2316
2343
2615
418
1277
2218
604
1064
200
1655
2156
1357
374
1265
2548
1716
93
1747
1483
2816
1301
502
1134
1146
737
175
2084
447
1772
1514
424
365
670
2480
199
2904
1972
2044
206
1720
839
2292
1820
1301
452
1815
135
53
572
2810
834
584
2862
1138
741
2575
895
1361
517
172
1935
379
2726
365
1431
2370
2358
1031
1540
1236
136
2457
1777
1025
1045
1578
22
381
757
1867
1194
2160
2620
1501
2520
1731
1909
2752
1048
192
2131
142
555
1012
2967
2235
1622
2977
83
2339
2640
2704
1430
833
2375
1424
2106
1899
1565
126
1364
979
1989
29
2492
1577
953
1747
2957
745
1711
797
1488
2141
2179
370
1825
2892
2671
808
1454
1393
305
2645
1434
1756
645
324
2669
630
2204
2701
2393
2269
288
2288
2918
2128
1266
1803
2653
2030
292
1815
223
2680
2902
2980
1224
2930
1599
64
2829
1500
608
395
2914
1429
1215
2333
80
2526
963
11
1603
155
1883
1285
1260
2557
422
2215
2064
678
759
996
356
2913
2879
193
491
676
431
2162
2237
231
1175
1001
2524
1379
1750
695
2640
675
2613
2490
2907
1217
1989
1460
2645
1691
2833
1076
1180
175
1988
1256
1400
2758
2185
1236
848
2969
2879
2988
1320
1313
1781
985
1268
1964
971
370
2581
302
180
1578
2899
2694
1271
912
2129
1717
899
2671
1415
1850
177
1156
922
2523
1211
2161
2457
1678
403
1595
2007
1410
1126
2341
871
2177
2647
1064
2421
2145
687
208
716
924
1750
142
204
1317
2503
1716
969
934
160
536
1296
2284
2775
1167
1111
1669
2296
1571
2463
1175
1727
831
2987
2562
893
1262
1875
254
1720
2290
461
945
414
2495
297
2290
2442
2964
376
738
1783
576
1488
747
1847
2788
2350
2936
912
896
880
1363
332
1718
2174
1672
518
2493
1711
1443
1132
1543
487
1300
384
2678
699
1134
1742
1373
2781
183
2064
2160
1616
1467
1834
2522
884
1518
2251
1180
1176
1444
2825
2360
1119
284
2530
1968
1059
2419
2691
1972
2407
519
2714
2691
155
2819
684
1584
2835
2144
1926
390
1445
1711
248
2001
2489
2528
641
1739
1560
193
976
1286
1539
2870
1102
2947
1762
1433
3
703
1915
583
523
945
1826
475
2594
1581
397
1620
1014
2811
2285
1872
2398
1301
2155
2663
2807
2446
2302
1688
8
2816
1156
941
425
2868
2298
2627
57
1303
2541
88
1690
485
954
1942
1993
1285
368
2388
1704
2867
2975
857
2940
2723
2049
633
2829
811
1327
2962
1921
2047
2216
599
2857
483
41
1645
2470
91
2602
836
1902
2472
141
1701
1667
1358
944
1149
2890
413
654
622
2800
2607
914
1856
2939
2622
859
1405
939
2369
2618
1242
2000
1871
2539
1391
2380
884
1406
1498
2407
2666
421
2425
589
165
2349
1810
2363
471
2297
1801
1206
1582
264
2880
1154
1575
272
73
1265
2460
1570
2436
2007
2513
1865
1974
2465
284
2346
64
1005
998
1982
29
725
1000
817
1557
562
826
815
762
2608
419
2225
2848
1871
627
143
2643
2138
2866
2486
2781
1175
727
2129
2429
1614
1152
1906
856
2261
2592
1837
1099
52
2419
674
704
2691
858
2847
2523
97
425
132
1037
2232
1654
1895
2018
916
1562
1515
494
1483
1928
613
998
806
2759
160
2017
100
2828
1057
2103
2289
1532
130
1398
883
1007
1884
2304
2983
2188
176
897
525
2114
1284
1206
1782
2724
328
1308
2144
1803
261
2951
1096
1587
2198
2157
265
293
2755
3000
1032
877
1376
2222
937
1654
52
1237
941
1599
1138
2519
295
1760
1367
1134
46
1194
538
1461
744
2277
471
1373
1409
343
2641
613
1973
1178
2174
2344
322
356
2161
468
1543
1824
1553
221
894
2806
865
754
2369
1504
1792
1130
2607
1200
428
2338
260
2176
2730
598
856
2475
133
2763
124
1724
2296
419
1587
2179
1830
951
2905
198
1529
1239
2418
1709
1471
600
673
2969
2640
1783
2817
1791
2759
2111
2324
2195
2419
567
2177
1439
885
464
1501
185
684
2587
1540
691
546
2460
1230
2859
1872
313
235
1807
2411
65
1834
907
1104
917
1327
331
337
833
1278
1325
2393
853
1262
1778
959
2023
2359
633
2020
1359
958
563
1452
2372
2279
1853
1542
1470
2642
81
1241
1927
41
686
1260
2423
339
629
2813
1364
1534
1793
1297
2514
230
1556
2990
1847
2238
1522
239
2749
539
822
1450
2066
845
1239
2572
716
1085
1159
367
2939
2471
2950
2056
2215
879
827
123
1657
997
46
2609
50
2907
2351
9
814
2809
1486
241
1838
2248
1383
2952
1899
1405
864
2051
832
2029
2871
85
1495
1470
1386
2038
2910
537
1088
1992
714
2556
2099
2626
2879
1963
650
97
2607
93
517
807
280
2408
1910
639
2270
361
1712
2260
38
1857
1138
1854
854
500
1573
1853
1038
2646
464
860
551
358
2866
2353
2393
1830
1854
2431
822
1102
426
2883
2040
2703
2530
2647
2169
1309
280
361
298
663
374
1360
1462
571
992
8
1869
1190
2834
2371
1841
2492
2843
315
891
1684
991
303
1038
1894
641
2943
1313
727
1985
1963
46
1930
1725
565
2119
1804
2173
2136
1550
368
2670
616
1121
2288
2981
2180
2488
2202
245
1759
1165
1842
2133
709
2564
1037
1816
723
630
1143
1400
1543
1738
907
846
1662
2939
1201
12
2457
1991
1295
275
1028
2116
230
1924
1826
1564
41
790
2380
2967
1940
277
1855
789
1320
1227
1244
2127
1600
1167
81
2863
319
369
1975
407
2920
468
2430
2458
1440
1804
49
2044
1622
2975
737
536
2392
1771
953
57
2301
2054
2140
179
1822
917
1976
1978
1331
393
40
1396
2351
1586
2497
2285
1980
697
286
1322
1694
2210
2196
245
1953
2377
846
1383
734
300
1225
2645
1754
2375
1065
1923
387
1456
2634
752
1831
2292
177
362
1622
2518
336
700
83
18
1137
828
1707
2077
1214
1580
1767
2466
2812
1713
2491
216
424
39
1099
2179
225
1699
1532
1717
501
2611
1843
970
2591
801
600
1608
726
2859
929
1942
414
1782
2207
2764
1408
1505
1821
2980
704
2041
1839
992
714
2415
1206
889
748
1975
2333
1766
680
428
2542
1456
1643
1325
976
1105
2022
1624
515
2995
2857
2090
1789
2324
609
701
1703
1742
1069
1540
1381
23
273
2382
954
1227
357
1290
726
383
765
755
1006
440
1711
45
1367
1191
271
791
760
1991
2416
1442
9
1588
519
763
2282
1620
570
54
2602
596
2847
2206
1752
8
2847
2494
901
913
2513
1764
2823
713
2876
2831
842
1429
2763
378
203
2759
313
1645
2725
1936
1813
2518
2034
2315
1622
1720
2008
1068
370
1461
240
996
1191
807
1226
560
890
683
1593
2518
1952
1824
2966
2752
2175
2826
1554
1946
622
2163
2646
1656
1938
1858
2261
16
1699
1528
74
2247
191
2459
2718
1070
181
2071
1755
1819
2898
364
542
1728
396
564
1889
1005
1452
2736
1290
1239
2018
2023
13
975
948
64
889
2243
717
1701
169
361
1684
306
1960
1791
1571
794
2987
1614
2202
922
1884
443
1843
536
2268
2916
816
2030
2449
2006
2623
2193
408
377
445
1966
2574
350
504
2556
1847
163
1804
619
1109
685
2846
99
2003
2545
1403
2201
1831
625
784
790
988
1076
2260
2958
373
1058
1509
224
238
1813
1046
1512
386
2204
1028
598
680
2193
1516
1360
294
643
1816
1558
1828
911
1093
619
266
560
307
2907
1934
2322
471
2429
531
2035
421
1965
1082
297
1632
876
1053
1305
2725
974
2804
367
2648
615
1328
165
1445
264
2709
816
2511
1426
314
261
2363
2974
1223
1800
1104
1730
2191
1335
1265
2361
2207
1707
1050
1075
2151
2852
2590
124
2023
2530
2940
1709
1442
856
1105
2552
1757
2518
190
521
1693
267
2320
114
2937
2324
1652
2206
2148
1648
718
2750
562
1766
319
966
2566
2131
2566
1375
583
2999
505
1197
1491
1600
1841
13
114
900
1831
393
667
1877
1101
2992
2712
1206
2577
2953
2357
428
2059
1774
1398
1832
2290
883
2901
2425
2312
2935
2524
1369
2461
191
1937
1573
1899
1309
1638
553
177
1332
2212
2702
1188
528
2647
729
1287
541
2144
2811
1186
604
1998
2755
1646
2462
1819
939
917
418
1967
2155
2675
1891
332
447
1813
35
2013
2053
1715
1535
2708
2145
2509
1561
1875
1424
1071
1569
1676
1844
530
2097
1101
1515
2014
1796
455
1697
89
1934
156
670
432
522
2880
553
2514
2204
1459
2742
2387
786
961
179
278
1865
2316
832
1861
646
93
593
2402
1396
445
301
559
2172
2571
2859
2717
1029
1126
2195
1455
361
561
2950
1878
1516
2652
601
464
1844
159
2321
1227
1650
48
2949
593
768
1038
1207
1931
140
591
920
230
1074
2415
1204
1839
2887
2171
907
2574
2132
2575
572
2712
275
309
1457
240
2122
1255
570
916
2650
2843
1921
706
295
2421
1577
512
2511
1228
1215
2243
1061
1622
1766
2179
1036
2821
21
2573
1603
2175
1464
487
2687
2969
1727
2697
1468
2075
2267
2364
959
1188
525
1133
2929
1960
240
1659
2420
291
1547
738
757
763
973
2649
596
916
401
2297
1701
1806
114
47
931
2357
2668
1510
1898
1971
2915
1366
2789
1858
838
1022
860
1304
442
1078
1617
1300
121
457
2030
1869
1421
2842
1539
1375
1864
1029
1871
2264
826
866
471
2242
2452
241
1409
2409
2308
2942
2924
468
2364
630
2198
595
1002
285
2411
985
2383
2463
134
1552
567
2791
496
1832
149
2239
2802
815
2886
2999
1002
1565
1549
1761
1196
694
2948
1434
1429
902
1305
1435
1413
1606
2667
188
2386
1083
1249
2390
1560
455
1176
1754
2520
2444
302
638
1809
2881
2585
1802
830
2611
496
2466
943
2798
300
2157
2822
2949
1939
2710
1332
1620
234
2265
1235
1637
843
2987
203
2006
2976
327
2576
1015
289
1745
599
1772
129
1686
2363
697
1812
2694
1236
1882
1715
1999
1189
435
187
616
1322
22
1714
614
2541
1348
1390
2827
2621
1952
261
387
1662
344
2883
128
1977
1903
754
193
1373
275
2212
1990
66
2087
1720
2964
544
211
1773
203
1415
480
404
1459
1274
2873
1941
2838
1024
745
1784
1298
2295
2763
2667
546
1073
2233
480
1391
2254
1376
584
2813
1778
735
863
2840
2002
2885
1528
1086
1949
1369
701
2105
1998
820
2138
1328
2134
1561
274
2868
2431
2688
82
119
2358
2335
687
1452
2568
1283
2268
2965
433
1211
1896
1685
449
952
227
1747
656
2995
1370
983
95
199
243
444
176
2963
1677
1410
1502
522
2141
2740
2866
2015
1562
1454
2981
1341
610
2896
1098
1957
1307
1610
208
1402
2062
2101
876
815
296
2904
1206
2752
404
2040
1768
1988
440
704
2018
2500
1106
1177
2464
2856
2038
1540
2484
2682
1536
1973
1101
1816
2687
2824
2205
257
717
2821
846
2985
2022
1533
2320
1721
2197
2098
2925
2724
843
255
2140
2796
1496
1357
406
800
863
293
2701
17
732
2992
1811
372
590
18
116
1419
238
468
1809
2830
417
2650
1771
640
983
1460
123
2129
1036
1220
1479
2750
1045
1537
2026
2361
2621
983
2405
1101
1543
549
1741
716
2897
362
91
2369
2088
2674
2164
2002
236
1653
2513
285
474
964
642
1256
723
1076
2079
1513
1198
1890
1047
1371
1380
157
2056
1798
2128
2137
405
983
2308
2725
2218
772
2102
2839
2747
2452
2773
1359
2184
2358
336
2598
1963
1858
2803
2604
1061
1023
395
2787
2634
917
1102
1792
267
1461
1075
880
2755
1859
788
1751
684
1202
541
343
2
290
2591
2034
1957
2516
2337
918
622
1832
84
218
1720
2341
276
2434
99
2508
219
378
2398
2003
829
2946
2317
1650
2279
2541
382
2154
2995
2468
1779
893
2237
2865
2896
2387
1627
1867
1351
946
1235
355
42
433
2512
2886
1601
776
2143
867
1149
604
2967
2729
339
2780
2142
1141
1867
626
6
645
1145
2201
2026
2425
950
725
1720
1812
1315
670
1025
405
996
1325
2779
1022
351
1558
1787
1212
2840
738
1048
755
2959
2203
63
1185
1637
2906
331
1776
1808
1542
2766
2045
226
1936
1208
1527
966
2832
557
1330
471
2900
724
62
2223
1011
1744
1446
2960
2701
1399
1994
2011
2361
1378
2670
388
2861
2081
1981
2781
1576
1046
2268
1061
1132
2943
2046
2036
1972
1262
721
434
1588
2902
2028
140
840
1337
2472
1779
2211
1554
1259
11
1879
2479
675
2202
443
1335
2775
1842
1596
316
1048
2057
2638
1134
904
1598
317
2104
2654
635
1882
2747
1416
2362
1627
2561
889
2887
2241
1519
2332
2786
1368
1768
246
1097
1611
2182
154
282
1365
2234
344
296
434
762
2957
1929
2507
1934
234
343
524
2753
260
391
2686
2080
2307
2404
1044
2536
630
1974
869
1374
2890
2936
1558
944
1134
414
2274
281
1617
534
2996
1366
2307
1033
378
1960
1744
1278
1309
136
2229
232
2308
2456
1973
2197
1337
213
414
1842
766
2841
1099
644
1819
2485
1266
720
1461
321
2394
142
669
511
1698
1772
1458
440
1572
634
186
683
1865
1312
189
641
757
2313
958
154
1711
230
2391
2972
2084
278
1841
1781
2826
2124
2128
1796
87
434
1250
852
2117
2299
2087
1081
2870
2134
1148
2175
1326
62
77
1042
156
1340
411
2871
1401
1265
434
1578
1791
1646
576
362
1206
761
960
1008
1215
2936
334
1823
2200
1263
1121
910
2726
2322
2965
122
2356
1189
1288
2591
902
2291
2345
141
2341
2223
198
151
2
233
2737
612
1872
423
2448
444
2091
1057
315
2254
1063
1306
1265
590
681
2258
2772
707
169
233
2698
885
862
2411
2758
571
559
364
1195
449
588
925
1240
941
8
1694
1670
1443
866
418
529
638
622
562
2619
262
927
1544
945
2690
1189
2135
244
2565
2815
1524
1370
1128
471
339
210
1707
1258
2747
2433
1648
2862
441
1308
1515
1064
1446
2272
382
1867
2451
1022
2833
2420
1252
709
2505
882
2894
1353
1548
104